/*********************************************
 * OPL 12.8.0.0 Data
 * Author: InstanceGenerator by unai.perez.mendizabal and ferran.torres.morales
 * Creation Date: Sun Nov 11 16:47:31 CET 2018
 *********************************************/

 nServices = 266;
 nBuses = 510;
 nDrivers = 464;

 maxBuses = 361;
 BM = 174;
 CBM = 13.97;
 CEM = 17.77;

 st = [ 304 353 576 830 356 790 793 357 449 13 492 403 936 71 627 63 790 777 274 35 347 424 752 30 889 275 383 771 423 407 480 691 476 762 63 508 32 834 347 3 334 47 237 718 785 172 770 564 616 384 308 839 855 884 806 47 576 660 456 30 644 320 701 911 188 346 465 22 330 938 839 716 922 740 281 39 324 221 520 901 215 774 43 484 122 776 801 378 764 265 117 616 947 495 423 3 73 776 329 251 935 79 870 80 854 919 62 927 384 379 194 903 834 639 861 209 183 107 922 218 499 910 887 168 275 101 599 814 97 76 239 326 864 326 345 917 895 11 505 938 806 413 436 30 768 203 719 857 188 900 144 470 266 892 21 241 748 246 60 513 653 793 803 134 777 402 915 758 764 245 564 695 717 564 755 620 711 95 652 493 82 922 436 549 529 793 532 56 139 845 142 763 837 801 700 591 302 706 614 3 526 380 246 396 80 409 617 762 31 401 751 707 912 343 847 94 269 808 505 316 834 928 833 32 3 521 357 246 728 871 947 236 634 855 918 286 332 679 177 108 721 193 605 143 353 798 134 688 368 495 105 432 604 816 562 910 290 184 853 505 801 526 680 142 765 269 ];
 sdt = [ 323 250 271 177 297 117 249 140 201 224 127 93 63 91 85 140 298 82 211 128 99 193 166 264 319 277 226 206 298 99 60 132 352 309 283 241 343 261 78 101 403 177 204 110 182 116 125 201 253 259 330 241 109 277 179 180 156 232 200 56 263 70 131 313 258 223 198 165 205 316 207 298 130 201 384 176 334 161 126 280 70 64 97 262 239 253 396 218 320 201 95 317 169 349 233 147 96 198 276 286 152 91 339 199 224 157 212 208 135 211 205 274 130 72 165 217 452 379 155 264 192 223 229 271 194 450 98 370 277 130 80 269 151 237 85 109 195 289 89 278 354 124 112 285 214 82 427 149 234 239 172 144 266 263 240 359 173 185 100 86 165 324 207 207 371 299 109 109 128 140 221 87 207 132 210 179 375 269 327 238 263 147 240 378 79 244 165 182 277 121 208 107 269 166 138 226 264 79 280 298 381 79 90 425 133 200 76 289 121 194 218 114 78 76 389 99 150 220 135 160 297 103 154 107 175 324 261 61 214 367 196 153 89 259 150 103 306 191 157 143 372 194 230 364 68 183 240 237 174 300 90 280 117 142 359 116 121 175 288 188 333 228 206 116 199 68 ];
 sdd = [ 66 44 72 50 68 22 59 30 67 38 31 19 19 17 27 37 77 15 70 22 25 34 42 67 57 65 38 54 52 29 15 27 77 56 55 51 73 54 22 22 77 41 41 22 35 22 32 51 57 57 59 41 20 62 47 48 28 55 55 17 63 15 42 59 47 46 34 49 40 64 57 64 29 34 66 34 62 29 24 47 20 17 29 52 74 56 71 52 71 62 23 79 49 63 39 28 29 39 64 69 27 17 68 49 44 38 55 37 27 48 60 59 35 22 28 45 77 67 27 54 38 55 65 48 40 78 30 78 52 24 26 50 26 68 16 25 43 64 17 47 69 39 35 64 39 17 72 28 67 49 32 35 54 49 51 74 29 41 22 17 35 58 48 66 68 70 21 25 31 24 55 17 46 28 42 31 63 62 56 74 73 48 49 79 16 70 36 40 70 34 40 24 72 38 29 52 54 16 65 51 78 17 16 73 23 55 19 74 22 48 44 32 17 23 65 32 41 61 24 48 57 29 40 18 30 66 56 20 69 62 42 39 23 53 46 31 59 40 46 46 64 57 62 79 18 31 44 43 30 54 18 70 26 41 71 34 22 32 54 49 79 53 42 28 38 16 ];
 dem = [ 81 116 50 66 80 136 99 135 104 81 129 67 103 126 91 135 57 72 108 85 79 126 82 74 131 70 99 130 103 108 117 116 51 104 103 117 126 73 87 60 117 92 108 114 92 89 78 112 54 74 50 77 70 78 77 82 72 56 78 91 113 115 99 105 98 98 111 130 79 122 120 97 87 81 96 68 125 133 57 83 111 58 64 117 94 50 109 89 105 94 139 106 133 93 78 133 120 133 70 78 52 101 123 83 115 83 81 62 128 87 123 87 124 74 117 108 138 71 90 70 74 77 109 124 112 105 101 93 112 51 109 64 121 55 57 72 128 77 83 83 102 119 135 122 91 73 95 50 131 54 131 124 96 105 131 132 69 50 96 59 107 129 92 67 59 123 71 53 131 64 103 71 107 70 104 84 73 52 115 132 106 81 122 99 99 75 108 90 87 127 80 128 120 66 131 92 130 122 118 59 135 131 85 101 138 118 113 106 126 66 78 79 76 98 106 57 130 83 55 118 54 68 77 101 128 103 69 62 113 68 59 85 129 121 117 127 72 112 79 85 139 74 101 50 58 86 110 61 101 62 83 137 112 133 98 101 80 83 135 68 104 78 126 79 122 105 ];

 cap = [ 106 145 74 133 137 102 90 87 90 84 130 83 83 108 135 141 99 150 130 88 95 62 129 106 124 109 141 140 117 135 83 87 117 145 153 148 110 75 116 114 128 156 126 118 85 159 121 75 102 116 103 144 151 131 91 142 77 95 82 88 108 87 68 142 93 91 73 70 109 129 95 152 124 82 129 147 146 60 113 73 91 103 97 92 147 64 84 87 81 66 113 65 73 91 85 96 149 146 137 142 72 81 83 105 129 98 77 93 87 80 60 159 159 140 87 125 109 89 112 117 84 136 126 151 119 116 121 76 129 95 135 80 101 95 159 128 159 140 151 89 116 107 144 157 141 104 66 118 143 145 95 91 74 155 148 87 152 134 74 105 97 152 123 81 133 110 118 63 71 137 138 77 157 124 135 67 137 100 129 155 97 96 109 131 68 158 75 140 106 88 103 72 82 127 151 156 123 99 149 104 112 135 68 76 109 109 83 61 143 90 113 141 73 140 134 79 133 93 157 119 110 99 84 90 107 111 148 70 157 142 141 81 126 104 121 119 97 159 101 67 68 148 142 159 65 151 90 113 81 112 91 63 147 114 113 133 92 116 92 114 97 142 122 76 102 87 114 145 138 117 134 80 106 117 119 138 102 77 113 71 69 116 83 152 131 159 106 94 74 146 79 140 152 156 72 146 106 112 134 123 121 113 96 150 72 129 68 77 112 64 84 126 144 143 61 111 148 79 95 149 127 137 156 109 134 64 71 91 80 91 126 100 141 151 137 95 111 141 90 124 155 118 137 102 110 159 80 139 79 141 124 146 157 133 128 80 74 105 71 75 156 104 114 128 148 137 84 157 133 83 104 120 70 123 69 107 96 115 69 105 140 155 153 157 108 115 70 145 146 104 60 74 88 116 81 116 95 109 132 78 133 109 151 88 131 85 136 65 116 83 107 147 94 122 142 93 115 81 159 153 136 153 135 108 110 105 127 155 66 147 119 143 67 122 143 93 128 122 94 80 112 151 123 96 94 109 104 152 93 125 110 84 65 155 130 80 105 101 149 66 133 117 75 84 132 153 127 98 113 86 92 131 80 88 140 102 129 126 137 100 77 66 152 112 124 159 106 152 106 127 87 144 156 153 130 125 83 109 128 80 156 90 128 116 114 136 147 85 60 146 ];
 euros_min = [1.92 1.84 1.86 2.21 2.24 1.96 2.22 2.05 2.18 2.48 1.72 1.97 1.6 1.65 2.1 2.17 2.49 2.46 2.17 2.46 2.22 2.38 1.55 1.81 1.76 2.23 2.14 2.06 1.66 1.62 1.61 2.02 1.77 1.79 1.75 2.22 1.88 1.81 1.53 1.94 2.43 2.23 2.1 2.1 1.97 2.16 2.12 1.53 2.12 1.54 2.19 1.99 2.17 1.99 1.71 1.78 2.17 1.83 2.38 2.29 1.81 1.87 1.65 1.78 1.77 1.7 2.34 2.02 2.29 1.67 1.87 1.99 2.27 1.83 2.06 2.37 1.97 1.9 1.94 1.68 1.95 2.31 1.71 1.64 2.14 2.41 1.7 1.5 2.43 2.45 2.16 1.81 2.37 2.49 1.68 2.03 1.7 1.89 1.9 1.9 1.74 2.2 1.68 1.74 2.14 2.08 1.67 1.59 1.62 2.15 2.01 1.94 1.83 1.87 2.45 1.8 2 1.8 2 1.84 1.54 2.22 1.85 1.7 1.65 1.61 1.62 1.74 2.17 2.4 1.66 1.87 1.55 1.8 2.49 2.18 2.43 2.14 2.21 1.6 1.72 1.64 2.11 1.6 1.96 2.43 1.64 1.9 1.57 1.73 1.85 1.84 2.09 2.4 1.69 2.25 1.5 2.14 2.43 1.56 2.13 2.07 2.35 2.21 2.03 1.97 1.65 2.47 2.02 2.06 1.93 2.46 1.92 2.37 1.59 1.9 1.85 2.41 1.54 1.6 1.52 1.95 1.85 1.84 1.89 2.25 1.58 1.63 2.01 2.19 2.02 1.84 2.46 2.4 1.85 2 1.66 2.19 1.86 2.05 2.16 1.61 2.08 2.22 2.09 2.45 2.18 1.96 1.76 1.55 2.33 2.3 1.89 1.99 2.39 2.1 2.24 2.5 2.38 2.42 1.75 2.11 2.28 2.04 2.29 2.49 2.41 2.14 1.95 1.84 1.65 2.44 2.16 2.1 1.55 1.88 1.66 1.72 2.29 2.08 2 1.51 1.78 2.34 2.49 2.02 2.48 1.51 2.11 1.95 2.14 1.56 2.18 2.24 1.6 1.66 2.48 1.87 1.95 2.43 1.55 1.66 1.68 1.5 2.33 2.35 1.82 1.92 2.2 2.43 1.91 2.03 1.69 2.38 2.3 2.49 1.87 1.54 2.49 1.9 2.06 1.66 1.77 2.15 1.7 2.2 2.36 2.46 1.76 2.43 1.95 2.09 2.19 2.21 2.06 2.4 1.81 1.67 1.55 2.02 1.99 1.69 1.84 1.81 2.44 1.73 1.81 2.19 2.23 2.29 2.29 2.37 1.99 2.23 1.74 1.65 1.72 2.03 2.05 2.34 2.09 2.15 2.45 2.3 1.72 1.95 2.4 1.93 1.6 2.11 2.4 2.33 1.84 1.96 1.76 2.25 2.47 1.62 1.92 2.06 1.85 2.03 2.24 2.22 1.66 1.65 2.15 1.97 2.43 1.77 2.31 2.4 1.62 1.96 1.52 2.28 1.99 2.25 1.94 1.65 2.49 1.59 1.54 2 1.84 2.3 2.4 2.2 1.62 2.01 1.99 2.08 2.47 2.48 1.65 1.93 2.09 2.32 1.81 1.86 1.66 1.92 1.52 1.73 1.94 2.46 1.97 2.37 1.9 2 2.37 2.36 2.17 2.33 2.4 2.16 2.47 1.72 1.69 2.5 1.82 2.28 2.44 2.19 2.19 2.2 2.07 1.68 1.59 1.6 1.74 2.3 2.32 2.35 2.43 2.34 1.86 1.7 1.52 1.51 2.28 2.25 1.76 2.33 2.28 2.21 2.1 2.19 1.52 2.21 1.98 1.51 2.5 2.05 1.99 2.43 2.35 1.61 2 2.03 1.86 2.48 1.68 2.18 1.99 2.05 2.27 1.83 1.51 1.85 2.14 1.9 1.88 2.37 2.17 1.95 1.64 2.35 2.11 1.52 2.47 1.95 2.17 1.54 2.34 2.16 2.15 1.54 1.89 1.9 2.49 2.04 1.57 1.84 2.02 1.86 2.14 2.42 1.95 2.22 2.01 1.95 1.87 2.02 2.24 2.25 2.39 2.06 2.38 1.72 1.55 1.61 1.63 2.12 2.07 1.74 2.05 1.97 1.63 2.16 1.74 2.19 2.12 1.54 2.05 1.87 1.67 2.18 2.37 2.29 ];
 euros_km = [1.39 1.43 2.25 1.46 1.35 2.21 2.91 1.72 3.21 3.36 1.94 2.54 1.28 1.52 2.78 2.47 3.29 2.62 1.22 1.27 1.87 2.28 3.15 3.07 1.64 1.07 1.33 1.53 1.55 3.12 3.27 3.95 1.71 2.82 3.3 2.11 1.04 2.26 3.89 3.31 3.13 3.86 1.68 3.06 2.78 3.57 3.48 3.45 1.54 2.62 2.24 2 3.27 3.08 2.53 1.95 3.01 3.88 2.68 1.14 2.02 3.51 1.7 2.14 1.43 3.18 1.96 2 3.03 3.76 1.04 1.69 2.7 2.55 3.44 1.06 3.92 2.07 3.94 1.87 2.53 1.03 1.68 3.48 2.98 2.91 3.12 3.85 3.4 1.27 1.54 2.53 3.08 2.32 3.73 2.45 1.94 2.71 2.23 1.71 1.57 1.75 1.29 1.1 1.74 2.96 3.55 2.83 1.28 1.94 3.28 1.37 1.6 3.93 3.16 2.39 2.69 1.71 3.9 1.86 1.9 2.36 3.34 2.12 3.36 1.16 1.9 3.67 1.32 1.37 2.42 1.59 1.79 1.61 2.42 1.39 2.7 3.54 2 2.64 2.03 3.6 3.82 2.29 1.92 1.04 2.79 2.39 2.9 3.83 2.43 1.63 2.73 2.09 3.31 3.38 1.67 1.74 2.79 1.43 3.8 3.04 2.39 3.95 1.15 3.32 2.29 2.23 1.41 2.03 3.01 1.51 2.88 2.06 3.25 2.68 1.48 3.09 1.89 1.82 1.81 2.99 2.27 3.21 1.65 3.27 3.3 3.75 2.52 2.1 3.86 3.73 2.68 1.06 1.22 2.95 3.11 1.08 1.73 3.4 2.51 1.2 3.41 3.26 1.42 3.1 1.67 3.26 2.32 1.48 1.95 2.5 3.08 1.45 2.63 3.51 3.91 1.84 2.07 1.85 3.83 1.77 1.17 3.06 1.2 3.77 1.72 2.43 1.4 2.85 2.39 2.43 1.36 2.44 3.28 1.63 2.58 1.41 1.19 2.61 1.42 1.57 1.15 2.52 3.94 1.76 1.91 3.13 3.33 2.65 2.65 2.27 1.36 2.55 2.17 2.64 3.79 2.49 2.4 3.33 2.38 2.2 1.29 3.35 2.61 3.59 1.32 1.67 3.51 2.77 2.42 2.32 3.71 2.18 3.09 1.18 1.24 2.67 1.56 3.83 1.87 1.31 2.14 1.53 2.45 3.23 3.3 2.29 3.33 3.44 2.33 1.15 3.08 3.14 1.42 1.84 2.17 2.69 3.58 2.2 3.46 2.22 2.48 2.44 1.89 3.84 3.14 2.79 1.8 3.69 2.82 1.25 2.28 2.62 1.66 1.81 2.47 1.82 2.74 2.36 1.77 2.1 2.37 3.91 1.29 3.29 3.92 2.37 2.93 3.01 1.87 3.57 1.18 3.29 1.9 3.78 2.32 2.15 1.99 2.74 2.69 1.76 3.72 1.36 2.34 2.09 1.73 2.69 3.51 3.85 1.9 3.32 2.76 3.56 1.36 3.23 3.32 2.93 1.37 2.84 2.83 2.89 1.57 3.37 2.32 2.12 1.08 3.61 2.64 3.93 2.8 2.4 2.79 2.56 1.01 2.15 1.11 1 2.73 2.7 1.84 2.13 3.18 2.38 1.62 3.27 3.64 1.89 3.89 2.47 3.65 2.21 1.73 1.92 1.1 2.59 2.29 3.82 2.65 1.17 3.58 1.51 2.5 3.24 2.35 2.99 1.36 2.06 3.75 2.59 2.86 2.96 2.59 1.5 2.31 3.8 1.32 1.75 3.53 3.44 2.57 1.74 1.91 2.55 1.56 3.97 2.73 2.7 3.15 3.52 3.3 2.59 2.43 2.74 2.81 2.82 3.81 3.22 1.46 3.61 2.45 2.73 1.13 2.47 3.19 3.19 1.06 2.24 1.89 3.81 2.21 1.38 1.45 2.77 1.11 1.17 1.34 3.47 2.13 1.03 2.98 2.78 3.63 2.58 2.74 1.2 3.34 3.02 3.52 1.96 1.38 1.76 3.83 3.81 3.91 1.7 1.08 1.07 2.56 3.76 3.7 3.59 1.44 2.38 3.32 2.36 2.7 1.13 3.42 1.63 3.28 1.29 1.28 2.72 1.34 1.56 2.62 2.1 2.35 2.11 2.92 3.3 1.86 3.57 2.49 2.03 3.46 3.63 3.1 3.54 ];

 maxHours = [ 6 5 6 8 5 7 6 10 8 7 7 10 8 9 11 5 5 9 10 8 7 10 11 6 11 5 11 10 5 8 8 10 9 11 5 8 5 9 11 8 9 5 5 9 8 6 10 11 11 8 7 11 8 6 11 9 9 8 8 11 9 8 5 9 8 10 11 11 10 5 8 9 11 10 5 5 9 9 10 8 8 7 10 7 5 11 10 6 8 9 10 11 11 8 10 6 9 10 8 10 6 6 7 7 8 6 6 5 9 11 8 10 10 5 10 5 7 5 5 6 8 10 7 10 10 7 10 6 8 8 8 11 6 6 5 11 8 10 8 5 5 11 6 8 11 10 5 6 11 6 10 8 5 5 9 6 7 11 9 8 11 10 7 5 8 5 8 6 6 11 5 9 5 7 11 8 7 7 10 7 7 9 9 8 5 10 5 7 10 5 11 10 9 8 9 8 9 9 7 10 9 9 5 7 10 6 5 10 10 8 6 8 6 8 9 5 8 11 9 9 11 7 9 9 6 8 11 6 6 11 11 11 10 6 10 6 7 6 5 9 6 5 8 5 10 6 9 10 5 5 5 10 6 8 5 9 7 8 9 9 7 5 11 8 7 8 7 7 10 7 9 6 6 8 10 9 9 8 9 8 9 6 8 5 9 7 8 7 6 5 7 9 7 7 7 9 5 10 7 6 5 8 6 11 8 7 10 10 10 10 9 10 6 7 11 6 9 6 9 11 7 11 7 10 8 5 11 9 11 10 11 6 10 5 9 5 5 7 11 6 5 5 6 10 6 9 5 7 6 9 5 5 10 8 10 9 10 8 9 7 10 7 11 9 5 11 7 5 7 5 8 6 5 8 11 8 11 8 5 6 5 11 8 7 10 6 8 5 6 6 5 5 7 11 10 7 6 5 7 8 11 7 8 7 6 8 11 10 7 10 5 9 6 9 10 5 7 6 7 5 9 11 9 6 9 10 8 6 11 6 9 7 9 6 8 7 8 7 11 5 8 6 8 9 8 6 9 9 6 8 6 8 11 6 7 8 5 10 9 6 6 8 11 5 ];
