/*********************************************
 * OPL 12.8.0.0 Data
 * Author: InstanceGenerator by unai.perez.mendizabal and ferran.torres.morales
 * Creation Date: Sat Dec 15 10:44:50 CET 2018
 *********************************************/

 nServices = 43;
 nBuses = 45;
 nDrivers = 41;

 maxBuses = 28;
 BM = 234;
 CBM = 15.39;
 CEM = 20.53;

 st = [ 391 660 68 732 170 783 876 487 448 574 828 432 120 914 740 370 638 430 400 838 63 786 500 201 773 370 175 33 2 617 778 134 794 664 398 274 736 415 714 498 389 876 851 ];
 sdt = [ 107 167 340 145 324 305 233 246 78 239 260 343 319 121 343 136 64 172 177 229 86 105 160 265 199 190 187 283 305 182 266 222 191 70 396 165 184 75 76 150 115 254 106 ];
 sdd = [ 25 38 58 28 55 54 53 59 25 53 45 62 68 39 60 41 16 44 47 49 18 23 36 58 39 35 47 66 58 33 67 62 46 18 68 28 39 21 16 36 31 60 21 ];
 dem = [ 65 33 50 55 91 49 90 62 90 90 94 84 70 62 52 38 82 63 89 87 51 29 36 92 97 96 69 45 46 81 67 93 96 78 91 51 96 77 93 28 95 62 29 ];

 cap = [ 96 105 83 99 104 73 87 116 52 77 128 112 74 64 57 89 104 61 88 105 100 66 69 124 73 114 62 89 131 108 133 65 97 95 74 117 72 131 93 59 59 121 92 116 84 ];
 euros_min = [2.38 4 2.1 2.03 2.51 2.31 3.08 3.36 1.84 3.95 3.65 3.03 3.41 2.6 1.53 1.64 4.17 3.05 3.73 3.07 2.69 2.66 2.29 3.38 1.93 3.07 3.18 2.98 4.43 2.65 3.48 1.91 3.75 4.01 2.38 1.92 3.39 2.4 1.96 3.92 3.73 3.12 4.08 2.4 3.12 ];
 euros_km = [1.6 2.94 5.31 4.7 2.94 4.21 3.03 4.71 5.5 5.83 3.06 4.4 4.2 4.49 3.8 4.84 2.1 1.89 5.43 1.56 4.68 5.85 2.46 4.05 1.73 4.02 2.77 5.95 2.56 2.9 3.24 5.53 1.41 2.78 4.03 1.53 1.13 1.52 1.93 2.11 1.29 2.64 5.33 1.42 3.34 ];

 maxHours = [ 7 11 8 9 9 7 5 5 10 5 9 5 9 10 5 6 5 7 11 8 9 9 8 8 7 7 7 5 8 9 8 9 9 10 10 8 8 11 7 9 11 ];
