/*********************************************
 * OPL 12.8.0.0 Data
 * Author: InstanceGenerator by unai.perez.mendizabal and ferran.torres.morales
 * Creation Date: Sun Dec 16 08:10:01 CET 2018
 *********************************************/

 nServices = 271;
 nBuses = 245;
 nDrivers = 243;

 maxBuses = 213;
 BM = 271;
 CBM = 16.16;
 CEM = 20.5;

 st = [ 173 422 767 610 83 157 795 342 685 510 587 908 331 726 462 771 551 581 941 886 811 534 878 412 106 817 934 664 396 487 785 886 216 164 841 701 725 110 258 547 439 362 833 315 124 807 156 86 775 742 554 146 16 201 70 933 762 70 131 426 692 543 645 412 819 126 427 73 805 317 765 376 556 778 311 210 764 581 361 569 498 28 306 845 88 188 922 318 938 723 178 66 431 434 895 616 775 325 842 333 702 213 771 588 940 48 101 798 10 677 670 623 539 306 214 591 804 496 869 55 537 519 350 875 343 164 60 671 180 303 705 478 705 312 61 205 374 395 422 636 775 424 568 499 467 315 54 307 82 590 83 517 467 179 758 365 541 528 515 24 659 72 359 393 881 492 832 14 187 859 690 727 801 791 47 102 557 672 440 429 857 809 357 563 115 288 581 619 456 64 752 492 188 19 782 949 151 286 903 108 774 799 596 223 515 127 586 325 776 297 125 442 3 489 319 780 523 601 776 886 137 289 62 555 460 236 570 587 56 291 37 926 416 283 922 55 113 117 561 100 937 835 497 186 645 779 800 429 354 729 802 325 89 551 591 660 655 229 852 528 425 554 65 10 546 642 359 247 374 768 319 ];
 sdt = [ 192 211 96 182 93 107 321 190 75 280 71 217 313 218 129 317 211 227 82 347 207 76 118 118 191 159 278 195 177 105 304 246 156 97 205 78 54 66 232 126 283 83 298 159 196 184 122 175 259 314 313 360 190 197 166 163 103 244 305 84 308 104 134 256 284 248 80 80 318 81 268 270 207 83 204 165 152 95 190 131 129 184 249 90 322 94 306 176 232 157 82 245 137 60 147 185 116 183 310 78 114 140 209 170 187 114 143 158 347 254 224 146 171 248 161 127 246 339 81 300 170 134 346 149 138 71 305 114 181 176 372 345 71 254 194 45 302 315 60 72 52 199 211 119 56 202 105 156 241 83 178 114 89 191 149 198 305 89 74 94 167 233 190 258 360 228 209 248 192 112 234 222 193 152 355 330 70 103 132 153 100 91 59 126 232 116 248 79 148 336 304 119 57 199 406 243 115 206 216 95 76 110 74 79 131 188 184 253 73 163 164 171 287 126 293 154 57 212 262 149 113 260 137 174 52 166 138 155 190 227 350 234 51 203 144 249 206 193 170 391 318 222 292 113 86 62 175 243 141 108 113 201 219 278 60 173 161 214 118 71 347 124 188 240 162 112 184 81 231 103 253 ];
 sdd = [ 51 54 19 32 26 33 61 56 25 50 19 55 61 50 30 56 68 42 16 67 35 17 23 31 38 52 51 56 36 22 51 54 33 23 46 15 15 17 66 30 53 18 69 46 63 50 30 45 55 65 55 64 40 46 28 39 18 55 66 21 69 29 26 64 53 44 20 20 68 15 53 46 53 22 53 42 30 18 48 42 30 53 47 21 62 27 60 33 49 35 17 57 36 19 30 58 21 54 68 19 36 40 50 39 42 21 31 41 65 48 42 47 36 45 50 42 51 65 19 65 39 30 58 42 25 22 67 24 32 36 66 68 16 54 59 15 68 55 20 15 16 36 57 27 16 42 27 45 45 15 58 26 26 36 36 51 65 20 19 19 47 41 39 51 65 40 62 55 40 29 51 54 50 33 60 59 21 26 32 28 33 16 15 23 42 20 60 20 32 60 60 21 19 43 68 60 37 42 64 18 19 27 16 19 22 42 36 52 19 39 28 47 56 41 56 29 18 41 46 30 33 58 40 33 15 30 40 29 62 45 60 61 15 37 27 55 42 42 42 67 55 47 54 34 28 17 41 43 44 34 21 53 51 54 20 40 52 54 35 20 63 25 52 54 39 27 43 21 45 34 46 ];
 dem = [ 98 75 84 67 73 89 64 69 93 97 79 87 99 96 95 97 66 92 82 92 57 69 50 67 78 94 88 83 63 94 64 98 53 76 57 52 61 82 83 62 91 93 75 62 93 82 51 89 55 73 78 94 78 67 69 63 53 54 53 80 87 53 95 83 94 54 93 85 70 52 63 96 54 75 84 91 73 86 94 65 57 75 58 73 73 87 91 71 64 95 58 69 54 97 99 58 74 58 81 66 72 53 63 52 53 87 89 93 96 93 64 69 95 76 78 66 75 62 75 58 81 91 82 78 65 59 65 80 75 88 86 73 64 58 75 66 94 78 59 95 77 59 76 62 88 74 55 95 52 73 58 66 83 57 90 84 56 71 56 90 88 91 79 79 52 70 50 54 59 68 50 90 73 56 56 84 87 64 63 85 58 65 83 65 87 61 73 51 72 64 87 55 53 85 81 57 94 92 99 73 87 63 87 62 81 91 88 66 63 81 71 68 64 61 97 68 90 86 90 83 67 94 73 50 59 75 58 56 85 84 71 78 68 66 58 86 67 77 87 96 95 82 79 57 54 72 79 56 62 99 56 87 84 92 65 54 68 57 92 57 53 81 53 94 84 98 54 56 69 87 59 ];

 cap = [ 82 77 75 79 70 90 85 79 89 67 90 100 101 69 88 81 84 78 103 70 70 79 69 103 103 78 100 88 109 90 74 96 104 88 109 65 71 103 66 73 98 90 79 68 89 82 73 94 91 108 76 85 104 68 87 79 107 73 107 75 77 104 89 99 101 94 98 68 95 77 67 98 73 84 76 70 78 90 76 79 108 108 71 103 96 101 99 85 109 105 103 94 91 87 84 90 93 68 100 98 104 106 67 78 101 68 91 107 93 86 88 65 82 100 87 65 73 68 83 101 106 82 79 74 92 88 106 96 91 100 102 91 85 85 71 84 80 88 101 76 72 87 73 70 78 74 96 88 79 78 101 108 82 86 106 105 95 74 70 78 103 67 96 91 71 75 83 99 65 100 76 76 78 90 89 99 98 89 78 99 102 81 69 102 90 82 76 89 76 88 91 71 69 74 71 93 108 94 76 102 78 102 72 84 71 82 100 89 94 92 93 87 106 77 74 76 92 83 88 85 96 92 71 106 69 93 99 74 89 82 84 98 83 105 74 93 74 65 79 100 93 82 99 71 72 ];
 euros_min = [3.88 1.57 4.43 3.67 1.6 3.94 3.68 4.41 4.03 4.32 3.02 3.34 3.53 3.65 2.29 3.74 2.56 3.26 2.03 3.8 4.37 4.17 3.42 3.54 3.04 3.11 2.08 2.48 2.81 3.69 2.17 2.07 3.91 2.9 2.76 1.93 1.71 1.55 4.14 2.24 1.72 4.33 2.14 3.05 4.36 4.35 1.81 3.55 3.9 3.87 2.68 3.02 1.7 1.82 3.33 1.64 2.56 3.87 2.1 2.36 2.96 4.08 3.4 3.08 4.38 2.47 3.2 2.65 3.04 4.37 2.38 4.42 1.78 1.99 1.7 3.5 3.04 4.38 2.98 1.53 2.11 2.71 2.64 4.17 3.22 2.53 3.8 2.25 1.82 2.12 3.65 2.35 3.73 2.39 2.65 2.21 3.84 4.27 1.69 1.67 1.99 2.46 3.75 2.4 1.56 3.97 3.13 1.55 3.03 1.61 4.3 3.2 2.38 3.66 2.56 2.73 4.21 3.88 3.3 3.55 4.37 2.71 1.51 4.4 4.29 4.27 2.41 2.4 2.32 4.41 3.24 3.53 2.87 4.08 2.44 2.21 4.27 4.03 4.07 2.02 3.48 3.35 3.45 2.72 1.7 2.83 3.84 3.69 2.02 2.96 1.62 4.16 3.78 2.44 4.23 4.13 2.01 2.23 3.95 2.52 1.93 3.6 3.98 2 1.71 3.1 3.41 3.92 4.05 2.93 2.56 2.49 3.9 3.41 4.39 2.36 1.74 3.29 3.89 1.9 3.31 2.08 1.64 4.21 1.61 2.01 4.44 2.64 1.87 1.83 4.25 2.73 3.93 3.52 4.43 2.47 3.76 2.45 2.94 3.76 2.61 3.67 4.31 2.56 2.27 3.69 3.06 4.11 4.16 2.43 2.34 2.08 2.58 2.27 3.63 3 3.55 2.84 3.89 1.53 2.18 2.91 2.26 3.73 4.11 3.54 4.48 4.08 3.9 1.98 4.41 2.56 1.82 4.34 1.55 3.01 3.1 3.54 4.08 1.85 1.78 4.37 1.7 2.26 2.49 ];
 euros_km = [1.26 1.51 1.94 3.69 2.68 1.67 2.39 1.03 1.87 5.05 2.67 2.39 5.3 4.65 4.75 5.65 2.73 4.7 2.35 2.92 3.61 5.53 4.68 3.24 3.67 5.46 4.59 4.73 1.11 4.89 3.89 1.73 4.02 4.11 4.78 1.8 4.24 5.47 1.25 1.66 5.42 5.71 2.58 4.25 5.85 1.45 2.2 2.37 5.09 3.57 5.34 3.55 5.79 3.03 2.88 5.76 5.07 5.56 3.2 1.28 4.55 1.56 5.34 5.9 3.29 4.25 1.35 5.47 5.37 3.2 2.19 4.81 1.84 5 5.3 5.21 1.32 5.02 4.25 2.39 2.03 3.4 5.98 3.6 2.64 3.04 2.84 1.01 4.76 2.72 3.58 1.3 4.5 5.61 5.44 2.97 2.89 2.41 1.68 2.57 3.24 3.56 3.16 2.11 5.05 5.54 1.69 2.95 3.23 5.7 1.68 3.67 2.75 1.38 1.87 3.04 3.33 3.78 4.12 5.08 4.67 4 5.29 5.14 5.04 1.02 3.78 3.32 3.16 3.69 1.89 5.28 5.49 1.93 2.92 3.45 4.01 5.83 1.38 5.68 5.49 3.58 5.3 1.29 1.22 5.26 1.19 3.82 2.77 5.06 4.47 2.23 3.25 5.01 1.76 2.22 2.28 2.29 3.08 2.15 1.76 4.46 5.36 4.19 3.65 4.5 4.6 5.6 3.26 5.55 4.65 4.37 2.24 1.86 3.09 5.56 2.23 4.85 2.32 4.22 2.28 1.15 4.96 3.87 2.75 5.37 4.64 1.34 1.03 1.85 2.09 5.84 3.1 4.33 3.92 3.46 4.15 5.41 5.63 2.24 5.19 1.78 2.49 1.79 1.59 4.06 1.89 2.23 2.26 5.17 4.71 5.56 4.14 3.09 3.06 5.39 4.63 1.43 2.64 4.07 3.61 2.63 4.37 1.64 3.88 1.15 1.57 4.78 4.58 4.84 1.95 3.07 1.55 3.83 2.25 5.83 2.58 2.52 1.42 2.36 2.8 3.8 3.59 3.94 2.67 ];

 maxHours = [ 7 6 10 6 10 9 10 7 8 7 7 5 10 7 9 8 9 5 9 7 9 11 9 9 9 8 11 7 7 10 8 7 6 6 11 7 10 11 10 9 8 6 10 5 6 8 8 8 5 5 10 11 5 7 5 10 6 6 6 10 8 11 6 9 8 7 5 6 11 9 7 10 11 8 9 5 10 6 6 11 11 7 5 6 11 8 10 9 11 11 6 11 6 7 5 7 9 10 11 10 10 8 5 5 11 11 6 8 10 5 5 6 9 8 10 7 11 10 5 7 6 9 7 6 10 7 10 6 9 9 8 7 8 7 11 8 7 7 8 10 9 7 11 8 5 5 7 11 10 10 11 5 10 6 11 9 7 11 11 8 5 10 8 7 11 9 8 7 9 7 10 8 6 6 5 5 9 8 8 6 9 5 11 10 11 5 9 11 7 9 9 11 5 10 6 7 5 7 10 6 9 10 11 8 7 9 8 8 9 9 5 5 8 8 5 7 9 9 10 7 8 9 5 5 9 11 9 8 8 8 10 10 10 5 7 9 7 11 11 11 8 5 5 ];
