/*********************************************
 * OPL 12.8.0.0 Data
 * Author: InstanceGenerator by unai.perez.mendizabal and ferran.torres.morales
 * Creation Date: Sat Dec 15 10:06:39 CET 2018
 *********************************************/

 nServices = 18;
 nBuses = 19;
 nDrivers = 24;

 maxBuses = 12;
 BM = 204;
 CBM = 14.26;
 CEM = 19.59;

 st = [ 402 154 68 814 869 877 882 180 886 865 528 25 768 725 167 60 934 534 ];
 sdt = [ 174 326 312 220 148 175 160 206 275 269 229 80 308 244 85 274 372 189 ];
 sdd = [ 41 56 66 52 44 32 29 38 57 49 39 21 62 53 23 69 63 34 ];
 dem = [ 41 59 53 80 66 26 37 85 35 50 25 45 43 92 59 45 88 76 ];

 cap = [ 67 65 98 99 139 83 81 84 50 82 54 91 77 136 61 97 82 128 100 ];
 euros_min = [4 2.99 1.92 4.03 3.59 3.11 1.53 1.61 3.94 4.05 4.41 1.63 3.15 4.08 3.74 2.4 3.14 1.55 4.2 ];
 euros_km = [1.67 3.09 5.74 5.77 5.59 3.74 5.35 3.95 5.55 5.18 2.9 2.09 1.81 4.28 2.68 3.51 4.82 4.97 5.75 ];

 maxHours = [ 11 7 10 5 8 9 8 11 11 8 5 10 5 10 7 8 7 11 11 8 9 6 9 10 ];
