/*********************************************
 * OPL 12.8.0.0 Data
 * Author: InstanceGenerator by unai.perez.mendizabal and ferran.torres.morales
 * Creation Date: Sat Dec 15 14:25:58 CET 2018
 *********************************************/

 nServices = 55;
 nBuses = 52;
 nDrivers = 62;

 maxBuses = 40;
 BM = 231;
 CBM = 15.06;
 CEM = 18;

 st = [ 882 877 711 792 566 756 53 860 871 806 171 764 645 192 106 529 904 223 887 767 231 152 641 510 199 807 861 9 919 173 252 824 61 824 590 333 268 94 836 580 10 817 93 80 456 198 422 286 271 572 732 641 476 384 134 ];
 sdt = [ 257 215 308 156 230 171 191 256 191 157 390 236 143 126 284 107 189 98 131 180 223 241 231 153 107 198 111 123 336 205 218 141 244 215 113 199 130 213 91 309 165 220 306 225 105 232 169 405 116 167 161 180 74 54 176 ];
 sdd = [ 45 44 66 37 39 35 45 60 34 51 67 57 35 28 59 21 35 22 31 47 52 43 45 30 25 47 26 22 62 45 48 27 52 42 19 63 27 55 21 68 42 68 62 62 32 46 30 68 36 38 39 50 15 16 31 ];
 dem = [ 38 25 39 39 34 64 74 99 34 57 35 55 68 42 69 47 27 89 73 85 63 67 38 88 97 66 26 58 48 83 62 37 82 89 88 26 52 96 43 76 74 82 84 60 92 47 51 39 32 78 26 37 40 77 47 ];

 cap = [ 107 136 50 118 108 88 101 121 112 129 108 99 121 135 55 119 123 106 66 128 81 107 72 106 76 114 110 95 90 99 131 76 136 134 126 63 126 76 100 107 130 99 65 136 92 129 84 97 119 126 96 69 ];
 euros_min = [1.74 1.52 1.65 2.11 2.39 4.15 2.86 3.68 2.5 2.83 2.38 4.32 3.13 4.07 4.18 4.03 3.49 3.1 4.4 2.25 3.55 1.78 3.08 3.58 3.88 4.33 1.69 2.16 1.92 4.03 3.26 1.77 4.39 4.32 4.17 4.17 3.66 3.61 4.38 2.08 3.14 2.57 3.48 2.75 2.5 3.94 2.57 2.25 4.39 4.08 2.88 2.88 ];
 euros_km = [5.19 3.86 4.69 5.46 3.84 1.1 3.05 2.56 2.16 3.47 5.74 1.46 5.38 1.27 1.12 5.98 4.17 4.2 1.23 5.98 1.73 5.3 3.18 2.18 4.7 3.96 5.17 2.99 5.23 1.12 3.76 1.21 1.94 3.55 4.82 5.28 2.22 1.4 1.54 2.22 1.15 3.38 3.49 1.16 4.56 5.69 3.26 2.18 1.08 4.22 3.65 5.62 ];

 maxHours = [ 7 8 8 11 11 6 10 10 10 10 9 10 10 6 5 8 11 6 11 6 7 8 10 6 5 8 9 7 8 11 11 7 9 11 5 6 8 7 10 11 6 6 8 5 7 7 9 7 5 5 5 10 10 7 5 11 8 6 8 11 7 11 ];
