/*********************************************
 * OPL 12.8.0.0 Data
 * Author: InstanceGenerator by unai.perez.mendizabal and ferran.torres.morales
 * Creation Date: Sat Dec 15 10:44:50 CET 2018
 *********************************************/

 nServices = 35;
 nBuses = 32;
 nDrivers = 47;

 maxBuses = 26;
 BM = 247;
 CBM = 14.62;
 CEM = 20.62;

 st = [ 445 696 11 444 154 406 265 54 829 444 3 21 616 38 11 361 195 76 488 360 382 654 717 406 118 118 91 586 579 514 670 767 601 244 86 ];
 sdt = [ 110 112 131 160 140 238 154 224 260 239 165 72 168 355 229 66 199 88 158 90 221 282 160 147 171 148 141 217 253 220 292 179 220 199 160 ];
 sdd = [ 28 21 36 53 27 43 39 51 56 42 42 21 38 64 53 20 66 18 45 21 57 67 32 27 47 30 35 65 53 69 49 34 62 35 50 ];
 dem = [ 89 71 53 76 98 68 62 85 58 91 28 68 50 61 49 93 66 46 57 47 37 77 68 60 78 94 98 34 44 39 88 35 97 78 72 ];

 cap = [ 105 60 111 96 119 134 117 51 129 67 88 88 108 71 121 126 126 107 98 131 138 117 91 105 114 80 88 65 81 74 67 56 ];
 euros_min = [3.24 2.33 3.8 3.05 2.61 4.47 3.21 3.77 3.85 2.29 2.08 3.2 2.86 2.44 4.49 2.81 1.55 2.66 2.78 3.96 2.88 2.82 2.84 1.96 2.7 3.06 1.7 3.17 1.66 3.79 3.3 4.15 ];
 euros_km = [4.2 5.19 1.08 5.66 3.17 2.25 5.04 4.4 5.63 2.81 1.56 2.46 4.3 2.7 3.78 5.64 3.27 3.23 4.21 5.07 2.83 1.85 1.59 1.3 3.83 1.34 5.25 5.71 5.54 1.79 3.12 5.27 ];

 maxHours = [ 5 9 11 10 9 10 6 7 7 11 7 6 9 5 6 7 5 7 7 10 5 11 9 9 7 11 11 9 9 9 9 7 9 9 7 8 5 6 9 11 11 10 6 9 5 6 6 ];
