/*********************************************
 * OPL 12.8.0.0 Data
 * Author: InstanceGenerator by unai.perez.mendizabal and ferran.torres.morales
 * Creation Date: Sat Dec 15 14:25:58 CET 2018
 *********************************************/

 nServices = 71;
 nBuses = 52;
 nDrivers = 51;

 maxBuses = 33;
 BM = 204;
 CBM = 16.7;
 CEM = 19.89;

 st = [ 666 647 75 598 55 53 180 478 418 881 139 877 672 773 742 458 327 53 842 844 717 117 236 331 326 887 777 239 413 429 680 481 86 858 712 447 939 371 601 5 70 156 341 148 253 475 873 789 835 223 915 932 30 823 546 102 308 884 150 733 653 185 884 447 287 794 939 367 346 487 685 ];
 sdt = [ 388 361 197 197 219 73 50 120 311 60 75 360 221 76 143 132 192 244 83 262 229 225 235 234 207 149 262 351 239 134 90 260 189 288 217 86 105 232 309 258 202 245 173 138 283 315 70 132 191 315 71 370 224 179 86 81 100 230 138 276 108 84 211 220 370 248 251 246 96 198 306 ];
 sdd = [ 65 62 49 50 43 21 15 33 58 19 21 62 38 15 29 38 43 45 25 54 41 63 59 65 51 39 64 63 45 23 21 56 44 49 52 19 23 42 55 53 56 45 47 29 52 58 23 43 34 55 21 66 51 59 21 15 28 63 30 61 21 16 39 68 69 51 57 43 21 45 68 ];
 dem = [ 50 98 25 69 63 37 52 28 76 74 73 78 27 54 28 39 43 70 61 53 40 31 96 85 87 84 39 25 34 58 91 89 57 25 87 60 31 91 94 47 47 85 64 79 62 98 63 60 39 47 66 31 58 40 89 92 35 72 84 30 41 65 77 99 60 37 49 35 57 52 60 ];

 cap = [ 50 53 95 124 134 71 72 79 92 72 131 110 69 69 127 107 116 95 105 115 127 89 128 127 129 137 136 107 111 109 73 118 109 99 133 73 54 102 93 83 101 57 103 77 115 110 83 66 104 97 66 129 ];
 euros_min = [4.2 2.04 3.97 2.93 3.33 2.55 4.03 1.76 2.46 2.09 2.15 4.38 2.85 3.22 3.17 3.15 2.62 2.68 3.92 1.87 2.67 4.39 4.29 1.75 3.21 4.09 3.54 2.13 3.27 2.34 2 3.54 3.84 1.54 3.23 3.08 3.98 3.43 1.86 3.51 2.33 1.62 4.34 1.53 1.93 2.67 2.34 3.81 4.23 2.08 2.98 3.13 ];
 euros_km = [5.65 4.55 5.01 1.8 1.85 3.64 4.18 5.72 1.76 5.05 2.03 4.14 3.03 4.94 5.57 2.12 5.1 2.96 1.16 1.95 4.52 4.72 2.73 4.98 3.92 1.95 5.71 5.06 2.04 2.73 2.32 4.01 5.23 3.98 5.88 3.59 1.12 2.63 4.5 3.9 4.46 2.52 1.66 3.75 4.81 3.89 1.68 4.47 1.52 3.87 4.65 4.85 ];

 maxHours = [ 11 10 6 10 8 11 6 5 9 7 11 8 5 6 10 7 8 10 11 11 11 6 8 10 8 9 9 9 11 8 5 8 7 11 7 8 10 9 11 9 10 7 7 7 5 6 9 5 5 5 5 ];
