/*********************************************
 * OPL 12.8.0.0 Data
 * Author: InstanceGenerator by unai.perez.mendizabal and ferran.torres.morales
 * Creation Date: Sat Dec 15 14:33:05 CET 2018
 *********************************************/

 nServices = 116;
 nBuses = 104;
 nDrivers = 105;

 maxBuses = 62;
 BM = 238;
 CBM = 14.91;
 CEM = 20.31;

 st = [ 221 486 170 880 485 844 650 130 386 885 46 425 318 542 702 652 442 517 931 39 888 207 265 423 87 859 47 558 410 44 242 567 350 73 206 572 71 51 473 135 692 583 118 456 557 566 545 535 942 729 18 361 309 295 53 553 283 345 311 502 918 594 765 319 251 276 792 237 382 122 412 32 391 252 813 908 280 102 703 54 100 867 449 133 395 712 276 885 288 106 359 284 134 318 925 306 648 628 13 680 47 444 764 31 749 298 616 33 343 552 476 105 823 326 209 473 ];
 sdt = [ 257 163 161 128 310 248 223 267 312 103 121 151 192 234 212 171 272 300 332 300 323 102 184 219 329 111 206 168 67 112 168 73 128 124 237 161 221 114 223 75 90 305 246 117 263 232 168 133 221 144 261 217 71 205 59 236 162 171 298 161 257 410 190 92 281 198 138 231 200 316 82 169 108 179 141 64 193 315 253 175 235 259 358 152 80 237 245 248 100 207 66 191 151 186 191 75 181 258 210 209 175 190 128 64 270 333 78 148 200 255 242 193 92 316 172 220 ];
 sdd = [ 55 34 36 24 64 49 59 50 57 21 34 42 60 44 36 31 54 60 60 59 66 25 53 37 56 30 36 33 16 25 51 23 26 26 47 29 40 33 57 20 17 63 63 35 50 45 52 28 65 41 61 56 17 48 19 63 41 57 54 40 52 69 33 17 63 42 35 43 40 60 19 44 20 34 32 16 34 53 62 34 58 51 60 49 21 48 47 61 24 37 20 34 30 35 40 25 33 69 44 37 43 35 27 16 54 56 19 27 52 50 60 56 18 57 48 64 ];
 dem = [ 69 55 82 46 52 73 83 67 94 61 30 59 60 34 77 29 42 82 89 40 98 92 42 89 71 47 78 34 79 58 73 54 59 71 87 59 53 59 49 88 31 75 53 43 50 58 51 71 36 77 51 60 71 43 59 98 69 30 66 82 44 96 77 57 95 79 26 38 98 43 36 87 71 61 71 85 46 42 78 51 71 54 85 49 49 55 28 71 54 62 28 51 25 75 82 60 67 71 91 41 75 67 62 30 66 43 25 58 27 35 31 41 51 70 92 40 ];

 cap = [ 135 97 63 90 116 139 77 83 121 50 96 129 101 65 95 74 108 118 102 103 69 92 83 133 97 52 122 74 121 73 73 123 93 121 117 88 85 67 88 92 84 94 95 96 86 120 71 96 53 114 99 125 119 110 111 50 80 121 118 91 93 137 85 132 93 123 72 54 124 77 118 103 119 82 83 97 112 52 103 76 106 57 107 128 138 86 135 54 115 101 127 98 52 138 106 61 86 133 98 110 137 112 60 118 ];
 euros_min = [2.86 3.61 2.41 2.32 1.71 3.07 4.49 2.51 2.1 2.43 3.06 1.66 4.36 2.8 1.91 4.37 3.15 2.74 3.35 2.18 4.39 2.8 3.35 3.61 2.76 2.21 3.79 4.34 2.95 3.21 3.71 3.24 4.04 1.98 1.97 3.66 2.36 4.1 3.41 2.29 4.09 3.76 1.77 4.46 2.25 3.56 4.3 3.72 3.7 2.02 2.09 2.6 2.5 3.75 4.25 2.13 3.18 2.89 3 2.59 3.14 3.59 2.81 3.44 4.17 2.28 3.53 2.35 3.72 1.97 2.37 3.37 3.48 3.67 4.35 4 2.67 1.74 2.69 2.51 1.96 1.63 2.03 1.7 2.9 3.31 1.77 1.63 2.21 3.72 4.25 4.26 3.49 1.89 3.43 2.77 2.38 1.62 3.94 4.22 4.09 2.84 3.08 3.8 ];
 euros_km = [2.43 5.66 4.4 5.73 3.95 3.58 4.75 5.14 4 3.15 2.06 5.38 1.5 3.16 1.45 4.74 5.56 4.61 2.76 2.79 4.51 1.53 3.53 1.09 1.4 1.31 2.63 1.79 4.7 5.11 2.83 2.01 1.07 4.81 2 2.76 4.47 3.62 4.82 4.66 1.21 1.42 3.53 5.36 2.85 3.44 1.71 5.15 3.76 3.64 1.64 4.08 5.8 4.18 2.65 4.35 2.01 4.82 2.69 5.78 1.45 5.8 5.28 2.15 4.86 1.47 1.98 2 5.49 2.88 4.62 3.28 5.59 5.9 5.97 3.03 1.82 5.79 3.48 2.73 1.63 5.16 4.45 2.34 4.3 3.79 4.36 2.36 4.75 5.86 3.25 2 2.29 2.87 5.41 2.76 2.58 3.1 3.48 3.91 4.75 1.99 2.36 1.05 ];

 maxHours = [ 5 9 9 8 7 6 11 10 9 11 9 6 7 5 8 9 7 10 5 9 11 8 8 6 8 6 11 9 6 8 5 9 7 11 7 5 11 8 5 6 7 6 5 10 7 11 5 11 6 10 11 9 8 9 11 11 6 9 6 8 8 8 8 11 10 8 6 11 6 5 5 9 6 8 8 6 11 6 8 11 10 10 5 10 5 8 11 9 6 6 7 7 9 9 6 6 5 8 9 11 6 10 8 10 11 ];
