/*********************************************
 * OPL 12.8.0.0 Data
 * Author: InstanceGenerator by unai.perez.mendizabal and ferran.torres.morales
 * Creation Date: Sat Dec 15 14:46:25 CET 2018
 *********************************************/

 nServices = 174;
 nBuses = 132;
 nDrivers = 191;

 maxBuses = 92;
 BM = 263;
 CBM = 14.89;
 CEM = 17.01;

 st = [ 363 699 371 542 473 503 69 166 365 728 820 476 67 148 764 399 24 898 152 924 525 104 147 527 339 237 807 594 588 825 81 319 820 811 505 798 121 690 218 106 696 686 845 900 377 767 731 460 6 32 754 18 73 191 528 399 911 295 301 912 538 914 282 815 501 67 767 40 189 478 193 538 361 733 144 640 597 653 74 12 336 947 114 218 902 558 649 525 563 894 872 798 668 727 235 172 449 752 435 688 436 383 45 242 49 544 380 821 806 540 312 949 64 226 275 41 372 671 847 752 831 709 797 615 452 846 899 855 521 560 725 167 293 193 569 324 193 443 288 152 897 232 117 438 358 928 880 824 262 767 357 421 237 3 224 888 673 424 342 430 879 404 112 449 551 619 634 747 396 135 197 839 169 352 ];
 sdt = [ 206 202 392 100 227 89 182 69 139 184 263 117 230 262 239 123 375 218 198 228 358 172 250 138 348 260 208 87 240 114 235 316 78 82 96 295 209 75 208 248 260 342 139 120 229 317 347 88 154 215 249 112 149 326 285 99 262 200 79 127 308 74 171 168 179 253 163 135 215 76 230 236 294 197 265 89 154 144 255 143 105 341 123 355 183 148 218 93 76 282 54 200 248 89 278 159 89 230 215 278 256 154 178 133 137 113 221 113 64 120 85 102 327 97 137 176 134 197 196 200 132 255 206 106 108 286 171 247 207 257 208 114 281 226 165 212 84 180 89 107 165 171 308 282 274 208 93 158 322 263 138 142 193 198 177 84 70 111 116 72 303 183 220 113 143 214 95 325 167 82 132 59 250 182 ];
 sdd = [ 55 44 69 28 47 16 49 22 36 50 46 22 43 48 66 39 68 49 52 57 68 54 45 42 60 51 54 19 46 30 58 63 19 22 28 60 59 15 64 53 48 68 29 27 53 60 61 23 48 40 53 27 39 68 54 24 52 56 20 34 62 18 53 40 43 59 35 41 63 18 69 63 56 57 57 15 43 35 55 39 26 66 29 66 59 28 52 20 22 50 15 46 48 26 54 35 17 52 68 67 54 30 32 23 37 23 50 31 16 35 21 23 55 26 35 35 36 57 65 35 28 44 53 28 33 62 50 51 39 44 46 29 64 64 41 47 23 57 20 20 44 35 63 56 49 38 23 48 59 68 29 30 39 42 42 22 22 23 28 17 65 48 52 35 25 49 19 66 50 19 35 18 47 39 ];
 dem = [ 86 50 75 67 68 99 52 97 94 83 70 93 79 91 99 56 93 77 82 78 72 92 78 66 52 78 98 71 62 90 71 79 83 57 60 52 63 78 69 76 66 86 97 62 78 87 74 81 95 93 74 56 55 97 97 65 80 50 65 68 78 90 84 63 64 99 71 80 55 55 83 78 73 99 67 78 94 94 95 53 66 66 68 88 60 99 50 74 58 93 85 53 55 54 91 50 60 91 75 67 90 57 66 59 87 83 95 60 66 50 80 83 75 61 99 62 52 91 64 61 79 82 90 74 87 69 88 73 68 54 57 52 55 68 65 92 55 92 81 51 97 68 68 73 79 61 53 96 96 92 70 58 74 55 89 98 97 66 72 57 73 53 50 98 99 91 63 71 61 60 81 68 84 87 ];

 cap = [ 86 87 84 81 74 86 85 90 77 66 86 73 93 86 93 65 92 68 108 65 98 86 99 106 89 66 102 103 74 104 92 76 65 80 102 109 102 95 96 83 102 77 100 83 97 87 74 94 101 97 76 98 85 84 77 66 72 85 97 105 83 95 86 109 94 92 99 103 105 83 104 68 67 86 95 71 76 86 75 83 70 109 102 88 82 105 68 65 66 95 83 71 75 83 72 70 65 87 75 89 86 93 66 105 99 66 82 97 74 70 76 109 89 84 82 77 93 97 73 99 90 68 104 73 105 97 79 70 73 84 75 97 ];
 euros_min = [2.8 2.63 2.84 3.83 4.37 4.04 2.23 2.51 3.4 4.34 2.48 2.92 3.95 3.02 2.04 2.41 2.63 1.6 2.05 1.83 1.67 1.94 3.17 2.86 3.91 3.77 3.47 2.29 2.48 4.47 3.47 4.26 3.15 1.95 1.95 3.35 2.79 2.97 4.42 2.74 3.86 3.17 2.27 1.81 3.35 3.49 1.53 2.63 1.58 3.46 2.86 2.28 1.53 1.61 2.71 2.79 3.33 2.55 4.49 2.31 4.04 2.49 2.12 1.72 3.66 2.46 4.44 2.55 4.33 2.28 2.05 1.89 3.9 2.03 3.78 1.53 1.68 1.8 3.23 1.69 4.13 4.22 4.18 3.5 2.04 2.12 3.41 3.52 3.58 4.15 1.89 4.06 3.04 2.68 4.48 1.81 4.13 3.53 1.66 4.23 4.49 3.94 4.15 2.43 2.41 3.84 2.19 3.67 2.46 4.47 4.31 2.55 3.4 3.94 1.86 2.9 1.81 4.04 2.86 4.12 3.36 3.68 1.73 4.06 3.54 3.81 3.36 2.37 1.7 2.82 2.55 3.15 ];
 euros_km = [4.86 1.57 1.05 1.37 3.64 3.84 4.92 5.79 5.67 3.67 3.08 5.5 5.33 3.63 4.16 5.77 5.42 4.69 2.27 5.71 4.28 4.37 4.45 4.91 3.43 2.74 2.21 2.05 5.49 2.3 2.43 4.82 5.28 5.91 1.53 4.71 4.04 1.76 5.39 1.42 1.38 4.9 1.96 2.14 3.74 2.74 4.85 4.73 2.45 2.63 2.76 4.54 3.69 2.76 4.31 1.85 4.8 4.66 4.53 5.89 4.72 4.21 2.64 5.89 5.03 5.25 1.51 2.21 4.89 2.78 2.33 4.95 3.16 2.41 2.02 2.55 1.03 5.89 5.98 1.83 5.31 5.64 5.6 5.88 1.03 3.91 4.58 3.3 1.76 2.53 3.4 1.72 4.36 4.15 3.2 5.72 3.46 4.74 5.6 5.94 1.59 5.6 2.96 3.56 5.2 5.45 5.14 4.44 1.74 3.58 2.76 2.08 1.46 4.03 1.94 2.43 4.68 5.61 5.32 1.28 5.89 3.81 5.61 4.93 4.53 5.05 4.64 5.16 3.87 1.95 1.81 5.64 ];

 maxHours = [ 9 6 9 9 11 9 7 5 5 10 6 7 8 8 9 8 6 6 8 10 9 7 7 7 6 10 9 6 9 11 10 10 7 11 8 6 10 6 5 5 8 9 9 7 7 8 5 6 8 10 9 9 7 11 7 8 10 6 7 8 8 8 9 8 7 7 5 11 6 9 9 5 7 6 8 5 5 8 9 5 7 7 9 5 10 9 8 11 8 5 5 9 11 5 5 6 8 10 7 9 10 8 10 8 5 6 5 10 9 9 7 6 5 5 6 8 5 7 5 6 7 5 10 11 5 7 8 8 11 9 5 10 6 6 8 10 8 7 5 11 8 6 8 11 6 8 9 9 9 7 10 5 8 10 7 6 11 11 5 8 11 8 11 8 7 11 8 6 9 7 11 11 5 5 7 9 7 6 8 8 5 6 8 8 9 9 9 7 6 10 6 ];
