/*********************************************
 * OPL 12.8.0.0 Data
 * Author: InstanceGenerator by unai.perez.mendizabal and ferran.torres.morales
 * Creation Date: Sat Dec 15 10:00:49 CET 2018
 *********************************************/

 nServices = 16;
 nBuses = 19;
 nDrivers = 8;

 maxBuses = 16;
 BM = 164;
 CBM = 13.35;
 CEM = 17.38;

 st = [ 590 699 793 628 263 533 493 625 562 657 552 901 567 547 663 884 ];
 sdt = [ 270 144 329 113 257 89 260 133 155 212 181 103 290 199 372 62 ];
 sdd = [ 50 37 68 33 46 16 49 41 35 37 46 28 66 66 68 15 ];
 dem = [ 33 62 51 65 69 92 49 55 44 81 53 81 29 93 54 81 ];

 cap = [ 139 130 80 71 106 81 128 97 97 58 106 86 137 55 85 131 91 55 83 ];
 euros_min = [3.12 2.89 1.77 2.82 2.16 2.1 2.2 2.72 1.74 2.05 2.45 3.84 1.91 4.32 1.89 2.96 4.04 1.79 2.77 ];
 euros_km = [3.7 1.13 4.14 2.57 2.71 4.24 4.38 2.88 3.7 3.07 5.97 2.2 4.56 2.85 2.87 2.18 1.66 1.27 4.73 ];

 maxHours = [ 9 9 11 11 9 10 10 11 ];
