/*********************************************
 * OPL 12.8.0.0 Data
 * Author: InstanceGenerator by unai.perez.mendizabal and ferran.torres.morales
 * Creation Date: Sat Dec 15 14:33:05 CET 2018
 *********************************************/

 nServices = 87;
 nBuses = 99;
 nDrivers = 107;

 maxBuses = 70;
 BM = 261;
 CBM = 14.65;
 CEM = 21.43;

 st = [ 439 479 897 815 755 126 21 499 862 223 843 580 859 519 792 219 325 924 205 206 717 751 431 496 244 949 907 239 20 323 128 922 263 363 174 787 10 56 823 813 181 396 96 752 509 24 886 196 425 866 519 316 487 614 400 585 333 16 941 928 883 496 150 287 389 102 774 38 648 946 884 159 78 9 600 765 216 548 922 633 870 548 538 50 127 700 164 ];
 sdt = [ 115 263 127 267 227 120 167 336 245 317 283 182 90 113 88 134 148 227 80 308 312 192 240 101 226 106 358 142 177 192 133 278 232 344 118 98 308 80 225 136 199 270 221 199 150 309 143 104 339 102 248 272 81 277 305 76 115 240 314 275 293 131 245 157 222 220 222 161 145 124 268 173 217 279 231 78 159 187 88 114 166 166 46 279 244 197 167 ];
 sdd = [ 31 61 39 61 53 34 42 62 57 59 52 41 22 29 22 37 28 38 21 56 66 33 47 26 39 27 66 30 41 38 27 60 59 58 38 21 57 22 41 32 56 52 41 60 33 63 41 33 59 25 50 47 18 65 52 16 26 42 64 59 50 38 42 30 57 40 60 47 43 23 54 45 37 65 49 25 38 55 19 21 29 36 15 58 43 43 43 ];
 dem = [ 36 73 60 96 55 86 48 34 99 51 53 71 73 44 46 92 81 54 71 25 45 38 43 34 31 77 99 66 76 51 86 65 25 83 67 64 39 98 68 95 75 30 28 95 87 93 59 91 37 56 28 60 36 71 61 63 49 58 74 80 85 78 51 42 33 99 69 59 68 31 84 38 58 74 61 63 26 84 29 27 43 32 91 71 79 63 93 ];

 cap = [ 81 137 83 81 77 98 61 59 69 76 136 81 80 59 92 114 131 102 123 135 62 67 51 90 105 131 117 65 138 54 130 103 61 126 53 91 130 69 128 51 132 104 77 118 52 86 92 62 109 121 133 120 111 109 52 112 56 127 111 60 59 72 52 82 79 121 64 64 68 138 68 67 118 54 100 113 117 117 114 94 60 53 128 106 107 137 55 110 72 52 120 50 113 70 91 74 51 115 123 ];
 euros_min = [2.53 3.52 1.54 2.21 2.78 4.04 4.05 2.23 2.67 2.42 2.73 2.12 4.39 4.26 4.44 2.12 2.89 2.52 3.1 2.1 2.31 4.21 3.9 1.78 1.68 2.54 3.34 2.76 2.82 4.08 3.54 2.95 4.02 1.72 2.79 1.78 4.36 1.98 3.47 1.53 1.88 3.8 3.74 2.1 2.21 3.63 1.63 3.64 4.15 3.45 3.17 2.24 3.23 3.19 2.17 3.1 2.03 3.36 2.06 2.05 4.09 3.27 3.07 2.79 3.99 3.25 4.07 2.95 3.2 3.1 4.42 3.95 2.53 2.19 3.79 4.33 1.98 2.75 4.34 2.02 3.7 1.62 4.36 1.53 1.98 4.03 1.81 2.16 3.04 3.87 1.95 2.31 4.44 1.75 4.28 2.88 3.41 2.71 3.4 ];
 euros_km = [3.43 5.98 1.88 3.36 2.15 4.89 2.6 1.78 4.07 4.48 3.49 4.65 4.84 5.94 3.98 1.18 2.52 3.31 4.79 2.78 2.24 3.27 3.18 1.41 5.65 2.46 3.41 2.33 4.88 2.19 2.06 1.56 4.27 3.37 5.32 5.61 1.95 2.33 3.75 3.03 1.55 1.81 3.33 1.75 5.98 4.69 3.34 2.38 3.27 3.41 3.99 5.25 1.45 4.78 1.34 4.67 3.73 5.54 1.77 3.69 5.62 5 5.13 1.68 2.4 4.49 2.77 5.86 3.89 2.05 5.44 1.74 4.08 2.33 5.76 1.25 4.79 5.2 1.22 5.01 4.91 4.25 2.04 2.68 1.55 5.23 2.93 4.77 1.77 4.61 1.52 2.1 2.82 5.74 1.08 5.93 4.79 2.75 1.37 ];

 maxHours = [ 10 5 11 11 8 9 5 8 9 9 11 11 11 6 9 10 11 10 9 5 8 10 8 6 11 8 9 9 6 10 7 9 9 5 10 7 11 8 5 5 6 11 7 11 8 7 6 5 6 6 9 10 11 7 9 6 9 8 6 8 5 10 5 9 9 10 5 6 11 10 7 10 5 8 9 6 10 10 10 9 5 8 7 8 9 5 11 7 8 5 5 5 9 9 5 10 5 6 10 10 11 9 8 6 6 5 8 ];
