/*********************************************
 * OPL 12.8.0.0 Data
 * Author: InstanceGenerator by unai.perez.mendizabal and ferran.torres.morales
 * Creation Date: Sat Dec 15 10:06:39 CET 2018
 *********************************************/

 nServices = 25;
 nBuses = 23;
 nDrivers = 23;

 maxBuses = 19;
 BM = 210;
 CBM = 13.56;
 CEM = 17.01;

 st = [ 518 836 92 622 799 511 515 254 624 620 613 150 214 637 730 553 225 489 679 369 792 50 612 895 271 ];
 sdt = [ 157 165 128 175 205 230 199 116 152 105 226 312 236 223 90 76 296 213 97 322 64 223 273 135 279 ];
 sdd = [ 51 34 22 41 57 57 52 21 28 23 49 63 47 39 27 24 50 39 32 62 18 63 49 28 55 ];
 dem = [ 65 55 60 41 30 65 65 27 45 74 92 44 28 56 47 43 28 78 96 28 42 87 85 69 75 ];

 cap = [ 73 90 133 65 58 53 79 93 113 91 99 121 133 104 61 65 82 99 91 112 63 113 94 ];
 euros_min = [4.16 2.26 2.09 4 3.63 2.68 2.87 3.43 1.72 2.59 3.29 3.41 2.17 1.98 2.21 1.79 2.15 3.7 3.93 2.34 3.98 2.88 4.32 ];
 euros_km = [1.97 4.66 4.19 3.73 3.07 2.4 5.06 4.53 2.02 1.76 5.38 2.66 2.43 2.02 4.07 1.41 4.69 3.89 1.84 3.79 3.27 2.48 2.97 ];

 maxHours = [ 10 10 8 7 10 9 6 6 9 11 6 11 11 6 8 6 11 11 10 9 11 11 10 ];
