/*********************************************
 * OPL 12.8.0.0 Data
 * Author: InstanceGenerator by unai.perez.mendizabal and ferran.torres.morales
 * Creation Date: Sat Dec 15 14:33:05 CET 2018
 *********************************************/

 nServices = 99;
 nBuses = 123;
 nDrivers = 89;

 maxBuses = 104;
 BM = 200;
 CBM = 15.54;
 CEM = 17.12;

 st = [ 604 356 59 619 408 399 765 296 833 659 915 921 127 221 444 490 885 948 862 842 669 34 765 513 682 375 194 344 448 874 844 937 901 658 460 547 759 162 656 676 613 185 429 833 866 317 805 406 259 64 241 672 720 949 242 127 588 264 446 435 597 151 289 558 154 695 273 872 331 291 416 775 112 595 238 519 843 431 286 132 815 603 142 36 711 718 241 724 216 26 288 865 668 384 93 246 186 254 358 ];
 sdt = [ 92 100 220 125 309 101 142 225 114 139 193 179 113 97 268 292 128 214 135 133 324 141 199 225 181 130 252 387 158 123 112 169 257 112 370 186 197 248 352 79 57 301 268 101 218 193 165 234 183 219 174 69 178 196 114 99 241 160 190 137 227 198 204 86 135 148 192 90 110 198 213 138 120 82 337 109 319 117 251 318 96 317 139 243 274 190 129 193 67 295 127 86 81 80 233 72 378 186 70 ];
 sdd = [ 16 20 45 34 55 27 31 61 25 41 56 35 28 20 59 67 42 55 31 33 67 41 43 41 59 41 46 65 38 26 32 32 56 29 65 43 36 42 67 15 18 52 60 33 51 37 39 51 40 66 49 20 42 39 37 21 56 32 38 40 66 35 51 26 37 34 62 21 23 43 58 27 32 16 59 21 61 32 61 64 28 58 31 48 59 34 41 33 15 51 24 28 17 24 65 18 69 50 23 ];
 dem = [ 87 89 72 73 53 36 66 39 40 50 91 63 70 57 84 26 90 75 98 48 41 98 79 30 53 85 58 46 32 53 25 87 68 41 40 41 75 28 82 79 72 44 88 52 88 86 37 39 96 36 38 67 34 99 73 72 98 31 33 95 40 58 84 37 71 27 46 39 58 99 88 47 26 25 43 56 46 80 65 64 79 99 41 90 70 78 60 47 65 50 55 68 56 83 59 39 98 69 41 ];

 cap = [ 50 79 133 93 79 74 89 138 63 69 117 120 112 98 63 124 85 97 133 131 98 67 75 100 132 135 137 120 85 85 101 103 130 95 134 101 123 113 84 136 79 128 62 57 132 74 59 70 123 54 87 126 59 94 57 91 98 137 84 107 119 91 91 80 81 105 84 50 121 73 69 86 125 136 107 72 87 123 80 110 110 92 57 52 136 115 115 137 98 116 125 59 119 127 125 121 105 55 86 118 127 85 116 50 66 70 64 71 65 79 91 73 103 132 92 105 71 60 78 131 70 57 75 ];
 euros_min = [2.21 4.4 1.79 3.63 2.93 2.05 1.76 1.92 3.67 4.05 3.34 4.26 2.23 4.42 4.15 3.22 2.81 3.68 3.47 3.13 3.42 3.72 2.35 3.88 3.45 3.61 2.11 4.43 3.19 3.03 1.94 3.41 4.29 1.85 3.21 3.24 3.32 3.84 3.23 1.88 1.78 2.94 1.75 1.78 3.7 3.12 3.8 1.64 3.89 2.7 2.41 2.87 4.16 2.2 2.09 2.6 3.55 3.07 4.23 4.32 2.62 1.53 2.42 3.85 2.1 1.92 4.12 2.24 2.92 4.2 2.28 2.14 1.87 2.43 2.16 4.29 3.4 3.88 3.94 4.22 2.4 1.64 1.79 3.62 3.06 3.16 3.31 4.39 2.72 2.33 2.45 2.85 2.93 4 2.86 2.97 2.31 1.79 3.93 3.24 1.62 3.45 2.5 2.14 4.25 1.89 3.38 2.1 4.16 1.85 3.58 2.87 3.21 3.22 2.12 4.2 4.27 2.44 3.98 3.08 3.69 4.21 3.9 ];
 euros_km = [3.84 3.09 4.84 3.49 3.1 5.89 3.7 2.94 2.99 5.4 1.03 1.31 1.59 1.53 5.44 2.14 3.69 5.56 5.36 3 4.62 1.7 5.82 4.49 2.65 3 2.68 4.93 2.62 1.36 2.54 5.31 4.05 4.28 5.88 2.64 2.55 2.72 4.89 5.32 5.44 1.04 2.22 4.81 2.21 4.76 2.14 2.46 1.39 5.13 2.07 4.58 1 3.32 2.1 4.65 5.69 1.2 3.46 1.22 4.66 4.76 1.96 4.53 4.43 1.04 5.28 2.84 5.03 5.91 3.22 5.76 3.98 5.57 3.13 1.15 1.63 1.81 5.65 4.26 3.66 2.48 3.41 2.49 3.97 5.25 1.6 6 3.48 1.69 3.39 4.55 3.68 3.45 1.51 2.15 2.12 5.96 3.45 2.09 1.76 2.93 4.7 1.31 5.27 5.65 1.54 5.31 5.18 2.47 5.34 2.7 3.01 4.87 4.52 3.74 2.62 2.64 3.31 3.37 3.88 5.65 1.64 ];

 maxHours = [ 8 9 5 8 9 7 6 10 6 7 8 11 8 11 5 9 11 9 11 11 11 7 9 10 8 10 10 5 9 7 5 7 8 6 7 11 10 6 9 8 8 8 11 7 6 6 11 5 8 6 7 9 6 5 6 11 7 5 10 8 8 8 5 10 5 10 9 5 10 5 10 11 6 8 6 5 10 11 5 5 8 8 6 10 10 5 6 8 9 ];
