/*********************************************
 * OPL 12.8.0.0 Data
 * Author: InstanceGenerator by unai.perez.mendizabal and ferran.torres.morales
 * Creation Date: Thu Jan 03 05:33:23 CET 2019
 *********************************************/

 nServices = 65;
 nBuses = 55;
 nDrivers = 58;

 maxBuses = 39;
 BM = 288;
 CBM = 14.3;
 CEM = 18.57;

 st = [ 555 645 52 873 205 515 354 774 787 131 899 647 347 765 317 554 653 591 522 632 861 106 139 690 583 465 269 277 641 47 424 663 945 874 266 840 521 471 732 18 737 819 485 581 344 51 251 176 794 659 200 611 79 524 247 298 727 850 547 164 720 819 4 641 520 ];
 sdt = [ 291 180 210 79 117 146 371 321 175 173 106 225 114 354 279 284 171 127 241 217 262 112 196 160 198 103 77 137 99 156 133 389 140 76 158 148 282 62 326 108 174 266 281 140 53 223 260 160 147 172 306 172 288 391 106 197 149 146 297 381 365 308 77 274 413 ];
 sdd = [ 66 34 55 18 27 25 65 54 32 32 30 69 35 66 58 64 30 35 62 41 46 20 65 51 46 25 15 37 31 40 29 66 42 19 27 34 49 19 63 25 33 49 48 33 15 43 66 53 37 33 67 38 49 66 25 63 48 33 58 67 63 66 24 59 69 ];
 dem = [ 72 78 78 74 70 76 59 78 94 56 97 81 63 95 65 70 80 60 81 80 81 96 63 56 94 59 62 81 78 77 90 66 76 51 80 54 56 53 50 87 78 68 95 55 97 50 65 68 94 78 63 54 56 93 92 89 89 97 90 74 69 90 63 86 61 ];

 cap = [ 74 74 80 76 86 85 79 93 104 76 89 104 73 72 89 68 94 71 97 96 79 82 76 93 104 103 68 97 105 87 93 87 99 100 69 97 101 96 66 67 102 84 81 69 86 80 107 68 106 93 91 85 88 74 75 ];
 euros_min = [4.47 3.54 1.52 3.56 3.67 2.38 2.48 2.17 1.73 1.9 2.31 4.09 2.21 2.78 2.14 2.17 3.65 3 3.65 2.36 2 3.05 1.74 3.93 1.67 4.06 1.95 1.75 3.09 2.8 2.82 2.24 3.7 2.38 2.57 4.19 3.61 3.79 2.63 3.11 3.91 2.53 3.29 2.02 3.55 3.13 4.06 3.38 3.63 3.32 2.74 1.64 1.87 1.59 2.17 ];
 euros_km = [1.56 4.52 2.18 4.95 4.84 1.2 2.33 3.91 2.18 1.07 4.42 5.67 2.89 3.89 1.07 4.66 2.98 4.56 5.36 1.72 1.02 4.23 5.11 4.06 5.01 4.56 1.85 3.08 1.11 4.9 5.38 4.78 3.16 3.25 5.63 4.98 4.79 4.89 4.41 2.7 5.04 5.93 3.82 4.66 4.73 2.91 5.65 5.17 1.5 5.85 3.35 4.72 1.72 5.76 5.1 ];

 maxHours = [ 11 11 7 11 7 11 11 7 6 8 9 10 8 9 6 9 5 8 8 6 9 11 8 5 7 8 11 11 7 7 7 5 7 6 5 7 8 8 8 9 11 8 10 7 9 5 6 9 6 10 7 8 9 6 8 11 9 11 ];
