/*********************************************
 * OPL 12.8.0.0 Data
 * Author: InstanceGenerator by unai.perez.mendizabal and ferran.torres.morales
 * Creation Date: Sun Dec 30 07:55:51 CET 2018
 *********************************************/

 nServices = 225;
 nBuses = 236;
 nDrivers = 203;

 maxBuses = 174;
 BM = 270;
 CBM = 16.96;
 CEM = 17.11;

 st = [ 861 141 71 294 519 296 529 215 220 252 571 506 301 530 448 200 770 742 486 749 61 671 690 460 715 201 21 848 877 73 54 109 228 842 901 263 295 689 117 503 172 558 70 150 380 276 772 164 251 795 392 155 224 238 20 895 639 325 678 63 119 190 865 747 820 541 454 857 58 138 649 315 355 942 68 158 106 237 696 495 635 708 641 566 335 814 751 539 632 847 42 135 269 929 531 179 149 244 465 788 326 932 805 478 780 274 72 472 141 116 192 655 731 765 209 868 497 334 653 263 397 892 121 864 790 878 133 805 488 648 37 54 885 801 205 715 617 17 465 541 92 189 110 299 148 556 454 912 285 273 901 457 539 937 656 185 881 546 194 234 357 906 825 706 646 626 692 301 631 143 746 476 851 857 157 815 287 226 713 88 334 120 773 846 51 927 383 832 477 834 917 708 208 641 828 311 463 653 33 182 768 95 364 576 842 266 644 857 326 203 532 383 873 636 877 862 556 87 351 654 781 789 628 557 472 ];
 sdt = [ 80 88 57 187 136 127 212 127 191 88 232 254 248 67 125 124 186 317 103 189 180 321 79 232 100 89 139 85 181 206 176 128 150 136 144 307 129 239 97 93 109 171 226 223 115 82 197 70 67 327 89 161 90 320 212 81 92 170 315 173 186 225 156 327 188 184 342 244 146 107 143 230 288 216 297 84 78 120 140 278 146 369 106 153 226 136 57 204 253 205 306 188 120 262 180 90 303 227 262 168 238 319 280 121 185 178 197 154 302 176 178 48 298 266 263 212 256 241 237 121 189 103 189 283 70 80 279 134 234 83 180 218 245 168 168 140 81 281 259 151 135 339 64 103 273 212 99 110 148 289 308 115 273 138 241 282 54 228 95 325 211 174 290 259 193 144 61 105 261 57 257 123 88 364 138 208 130 254 101 82 132 230 198 207 73 90 110 212 230 386 97 223 155 215 323 126 166 98 104 151 227 256 75 159 84 144 188 214 269 159 197 395 349 222 201 204 176 164 135 149 188 150 205 165 100 ];
 sdd = [ 19 15 18 42 28 30 53 36 35 20 41 64 64 16 21 33 33 59 20 37 31 60 23 63 21 20 46 20 46 61 48 36 34 30 26 55 35 57 19 21 33 29 67 57 20 17 46 17 15 62 16 48 23 58 64 25 24 40 67 40 46 58 44 69 36 39 64 52 39 22 41 57 53 38 60 19 26 32 24 49 36 64 20 32 62 45 19 55 52 39 67 33 38 65 37 23 65 48 52 39 60 58 53 37 36 33 64 47 57 46 39 15 52 56 51 44 53 45 63 33 62 27 39 58 16 21 55 37 55 18 32 52 52 44 43 42 17 51 56 45 29 63 21 20 60 54 20 34 40 66 56 33 61 36 62 54 17 63 23 56 51 38 64 52 45 46 17 21 44 18 59 25 29 63 27 52 33 43 17 18 34 60 48 38 18 24 23 42 39 67 23 61 43 62 54 28 44 22 30 29 39 48 24 50 17 32 50 42 66 43 63 67 59 41 47 57 30 36 41 47 41 34 41 49 24 ];
 dem = [ 72 63 97 99 52 56 70 98 59 65 79 96 83 77 64 89 87 74 80 89 65 56 64 95 84 84 85 54 94 67 61 82 57 56 88 78 57 70 72 89 87 93 56 75 85 89 88 73 66 80 76 57 95 90 63 56 67 60 99 59 90 50 84 87 65 86 75 75 94 60 70 73 76 99 79 57 58 66 55 75 93 80 52 66 97 58 84 99 61 85 84 82 89 96 73 67 81 64 62 85 56 74 59 55 63 88 86 78 69 75 79 74 96 67 91 73 80 70 70 74 77 51 72 54 73 97 65 79 68 95 72 68 88 89 60 96 80 59 52 95 81 97 59 71 62 81 62 81 94 80 59 52 64 92 53 63 59 68 58 94 87 80 80 54 70 85 58 97 86 61 97 67 91 77 63 65 81 68 54 99 70 87 60 91 85 99 76 63 91 97 78 99 97 76 91 68 53 81 76 75 50 56 55 93 60 96 64 51 70 73 52 92 96 94 97 82 59 73 69 95 68 51 72 64 76 ];

 cap = [ 101 83 79 91 82 104 80 105 75 82 108 69 99 71 89 108 84 91 107 89 90 86 81 89 109 101 98 79 84 78 91 84 107 88 91 75 90 72 109 104 99 81 79 69 109 69 100 77 70 96 99 75 93 69 75 95 98 91 96 72 70 91 65 99 83 70 79 65 88 75 84 99 84 66 71 92 109 75 107 71 103 94 106 82 90 93 99 92 103 85 100 77 102 97 68 66 106 75 96 99 96 106 96 93 77 102 94 98 70 87 65 86 78 96 97 94 75 92 83 104 96 86 87 106 101 100 83 102 89 87 92 76 99 79 86 71 93 84 101 79 68 67 97 101 77 107 108 104 76 80 73 99 84 89 71 69 109 89 80 102 105 96 93 106 85 96 76 109 68 65 92 78 98 99 80 106 90 100 98 97 76 108 80 97 87 78 71 104 107 73 90 83 88 91 68 94 71 108 97 104 65 103 83 104 86 86 87 106 91 87 71 68 86 90 76 109 86 65 94 109 77 79 104 85 72 106 65 68 104 85 104 66 77 92 81 90 ];
 euros_min = [1.93 3.51 3.25 2.98 4.03 3.96 3.85 3.08 3.92 4.01 3.3 4.31 2.51 3.29 3.39 2.95 3.88 3.44 3.58 4.09 2.38 4.36 2.67 3.59 2.13 1.51 1.54 4.38 3.33 3.35 2.73 2.22 4.18 2.11 1.61 3.7 2.77 2.13 3.43 4.03 3.64 4.32 2.23 1.57 3.01 1.81 3.7 1.75 2.44 4.48 4.2 3.05 3.23 2.89 4.31 3.27 2.11 3.59 3.77 4.13 2.81 3.16 3.8 1.89 1.52 3.81 3.27 3.86 2.19 2.12 4.36 3.45 1.76 2.37 2.43 2.88 4.1 4.15 3.09 1.81 3.63 1.53 4.27 2.35 1.63 2.82 1.78 2.59 2.63 2.05 1.91 4 1.58 1.69 1.62 3.28 4.38 2.26 2.81 3.91 4.43 2.59 2.94 2.24 3.96 3.2 2.91 2.68 2.3 3.75 3.69 2.18 1.96 2.49 2.61 2.4 4.27 2.89 3.93 4.16 2.67 3.23 1.51 3.62 2.04 3.88 1.94 2 3.4 3.77 3.35 3.4 3.53 4.16 3.55 3.64 3.78 1.55 2.18 3.3 4.29 3.16 1.76 3.38 1.53 4.14 2.04 3.65 2.29 2.35 1.94 2.94 3.3 2 3.6 2.6 2.79 2.51 3.3 2.38 2.1 3.43 4.18 1.62 4.38 2.96 3.28 2.82 3.88 3.68 3.58 2.09 2.32 2.92 3.3 4.1 4.22 1.51 2.6 4.08 2.83 3.49 2.39 3.29 4.22 1.71 3.88 2.08 3.34 3.88 4.34 1.95 3.02 2.6 2.95 2.84 4.42 4.11 1.89 3.09 3.16 2.28 2.64 3.24 2.58 3.07 2.34 2.4 3.18 3.36 4.13 2.2 3.1 1.82 2.51 3.3 2.83 3.1 1.69 1.53 2.62 4.09 4.46 2.27 2.84 3.21 2.08 3.8 2.43 2.43 2.64 3.34 2.26 2.23 3.04 1.54 ];
 euros_km = [1.96 3 3.44 1.88 1.69 1.84 3.53 4.79 1.57 5.09 1.37 3.55 5.19 5.43 5.84 4.2 3.49 5.17 4.78 2.66 3.73 5.5 5.18 2.77 5.42 2.82 5.87 3.78 3.08 2.79 4.01 1.86 2.49 5.67 5.87 4.75 1.93 4.08 1.65 2.12 3.13 4.58 3.74 1.15 4.4 2.8 3.31 5.11 1.45 5.94 1.94 3.43 2.89 3.93 2.87 1.14 4.11 3.15 2.97 4.87 5.46 4.34 4.49 1.7 5.15 5.33 4.07 3.21 2.55 1.57 2.73 3.09 5.07 3.96 4.65 5.51 3.14 2.87 5.48 4.42 3.72 5.29 4.52 4.79 3.9 4.14 4.29 5.4 1.97 5.66 3.69 2.64 2.91 4.36 1.43 5.3 3.68 5.86 3.22 5.23 5.91 5.17 3.49 5.31 2.3 1.03 4.64 4.69 3.77 2.79 1.72 1.88 5.91 3.51 4.67 4.96 4.17 5.16 4.74 3.44 5.16 2.99 4.86 5.42 3.89 1.33 5.26 2.36 6 5.51 5.83 1.17 5.3 2.32 2.9 2.69 2.24 1.54 3.7 2.22 1.99 3.22 1.83 3.03 3.44 2.36 1.61 3.93 3.15 5.45 2.46 1.46 4.67 3.65 2.65 2.93 5.78 4.85 3.4 2.29 2.61 1.17 1.08 2.09 1.25 1.99 5.97 1.22 1.67 4.71 2.36 4.23 4.82 4.82 5.48 2.12 4.51 3.69 3.5 2.52 2.15 5.49 5.05 4.84 3.03 5.91 4.08 5.56 1.76 3.81 5.12 3.91 4.74 4.6 4.77 2.67 5.5 3.13 3.45 3.24 4.06 3.67 4.06 4.13 1.86 1.4 3.09 1.81 4.11 1.28 1.02 2.2 3.06 5.11 3.08 4.1 2.71 3.03 5.8 2.63 2.07 2.53 4.18 3.24 4.86 2.99 2.26 1.17 5.03 3.96 4.93 2.98 4.66 3.53 1.17 2.52 ];

 maxHours = [ 9 10 11 6 6 8 8 10 9 10 5 6 7 6 8 10 6 8 6 6 9 9 7 8 6 9 5 10 11 7 11 6 11 9 10 5 10 10 7 10 10 8 10 8 5 8 7 8 9 11 5 7 6 10 10 8 7 5 6 10 6 9 11 8 7 8 5 10 10 6 8 10 11 11 8 10 5 8 9 11 5 6 6 8 5 6 7 9 6 8 8 5 8 9 6 11 6 10 6 11 9 6 6 9 9 8 8 9 10 6 10 8 10 11 8 5 9 9 8 11 9 11 6 10 6 5 11 7 6 10 5 6 11 11 7 9 5 7 5 10 11 8 9 11 8 10 7 5 8 9 6 9 11 9 10 5 5 7 7 9 10 10 11 9 5 9 9 10 5 6 9 5 9 8 5 5 6 6 6 9 5 8 8 7 6 5 9 9 6 9 5 10 7 7 5 8 10 10 10 10 10 6 6 ];
