/*********************************************
 * OPL 12.8.0.0 Data
 * Author: InstanceGenerator by unai.perez.mendizabal and ferran.torres.morales
 * Creation Date: Sat Dec 15 14:46:25 CET 2018
 *********************************************/

 nServices = 140;
 nBuses = 124;
 nDrivers = 135;

 maxBuses = 106;
 BM = 222;
 CBM = 14.76;
 CEM = 20.62;

 st = [ 506 605 4 377 258 216 452 108 554 420 693 337 494 858 719 140 266 152 550 379 720 636 571 311 132 242 397 61 631 626 336 540 581 737 214 200 111 947 484 369 381 293 179 668 505 579 469 289 317 484 360 451 699 770 564 689 823 343 662 188 670 739 686 206 892 587 469 48 466 946 261 312 806 449 156 729 735 862 270 552 743 596 519 843 17 676 253 519 835 358 799 875 436 833 378 266 780 743 916 825 262 499 65 320 180 828 892 535 15 942 602 34 597 896 743 682 747 157 839 781 637 344 905 218 862 419 772 444 88 364 376 774 510 385 829 740 758 735 896 208 ];
 sdt = [ 155 208 302 77 95 172 98 110 372 202 135 212 167 267 115 217 304 105 136 158 145 246 255 266 304 287 341 54 100 93 259 238 167 117 329 132 284 153 90 141 219 135 316 305 124 154 132 232 137 286 203 210 190 56 217 123 246 324 132 130 241 337 252 165 122 111 136 211 94 127 339 259 148 117 186 129 72 198 195 254 120 247 331 163 107 143 173 155 171 177 171 214 143 282 126 323 124 197 62 179 189 109 225 112 229 53 176 133 94 304 203 288 336 176 387 175 139 102 282 71 103 329 136 151 257 257 101 87 74 216 382 322 189 248 188 262 72 66 285 212 ];
 sdd = [ 32 53 63 20 18 51 19 27 67 54 33 55 36 67 25 47 67 19 35 52 25 66 68 46 59 63 68 17 18 24 65 55 29 37 64 33 52 50 25 28 66 26 56 66 30 43 44 48 35 64 59 37 38 17 56 26 62 69 40 28 49 63 48 54 33 37 30 40 17 28 58 49 38 21 54 27 17 40 55 65 21 45 63 49 19 29 45 37 37 56 30 62 37 63 35 54 25 53 20 57 45 21 67 33 49 15 35 27 31 68 36 63 65 34 67 39 40 23 60 22 22 64 28 33 53 62 20 18 15 64 68 58 37 60 49 44 21 15 59 48 ];
 dem = [ 53 54 88 80 56 77 71 91 92 84 67 57 74 79 80 63 56 58 97 55 81 90 58 58 76 92 67 52 76 77 75 54 83 85 97 77 69 57 90 66 79 94 74 91 92 93 73 95 90 50 97 56 79 65 66 92 71 84 79 51 83 50 81 68 61 81 87 73 90 95 80 59 70 70 83 93 76 97 62 98 77 93 88 76 97 63 71 85 52 79 62 79 65 92 99 74 92 77 69 59 93 74 72 97 97 96 67 96 98 80 88 56 80 57 65 89 92 95 78 60 78 70 79 57 62 54 70 73 77 96 75 72 78 78 70 60 87 88 83 95 ];

 cap = [ 102 88 85 67 82 73 96 86 107 88 74 98 103 95 73 103 66 84 93 108 90 104 95 71 99 70 105 81 72 98 108 107 73 97 81 80 89 92 90 88 92 88 108 89 99 95 73 79 92 78 87 65 92 65 79 85 75 100 108 97 66 105 79 65 106 89 108 85 104 96 109 106 91 90 81 75 68 88 80 87 80 76 66 80 76 97 68 91 67 93 83 108 78 95 85 103 106 70 91 93 105 101 79 85 84 95 90 83 92 89 95 101 96 88 77 95 89 86 87 87 97 93 94 86 ];
 euros_min = [4.14 3.11 1.93 2.38 3.57 3.66 2.99 4 2.48 1.87 2.72 2.52 3.12 2.88 1.61 2 3.93 4.19 2.16 1.81 2.82 4.39 3.53 1.98 2.97 1.75 4.5 4.15 2.73 1.7 2.59 3.62 3.6 1.72 3.74 2.68 4.08 3.78 4.17 2.55 2.85 2.76 3.75 1.66 1.7 2.02 2.66 2.02 3.43 2.75 4.24 2.26 3.73 2.1 3.52 2.87 1.53 4.27 4.38 3.67 1.6 2.6 2.21 4.36 2.32 3.26 2.2 2.94 1.99 2.63 2.94 1.58 4.1 2.09 3.21 3.37 4.22 2.6 4.43 2.27 2.72 3.13 1.88 2.67 2.56 4.41 2.81 2.63 3.36 1.99 4.43 2.97 4.46 2.37 1.86 3.06 4.09 2.3 3.53 3.62 1.77 2.01 3.25 4.23 2.4 2.86 1.67 1.97 2.57 3.02 3.53 4.41 4.46 1.76 4.3 2.62 2.57 4.41 4.27 3.99 2.97 3.72 2.95 3.34 ];
 euros_km = [1.52 1.88 5.88 2.88 3.55 2.74 3.07 5.14 4.22 1.68 5.27 2.39 1.98 4.32 2.01 3.68 5.45 4.07 4.67 2.73 1.15 3.03 2.23 2.28 2.16 2.59 3.8 4.22 5.7 1.49 3.42 1.75 3.83 1.88 5.04 1.68 4.65 2.58 1.04 5.76 5.71 5.37 3.51 1.24 3.13 4.99 2.12 5.58 2.74 5.61 3.75 5.71 4.76 2.83 2.79 3.05 5.45 2.39 5.44 3.76 4.16 2.98 4.44 5.6 5.68 5.88 1.26 4.93 4.69 1.54 1.78 4.18 1.7 2.59 1.78 5.64 5.58 1.51 4.97 4.97 4.54 3.16 1.03 5.26 4 5.79 2.15 4.63 4.24 5.56 5.89 5.8 1.57 3.8 5.55 5.53 2.11 2.41 3.98 4.06 1.89 1.8 1.12 2.41 2.53 5.27 2.03 1.34 4.45 4.79 1.42 5.66 5.41 2.2 1.15 2.73 3.22 3.7 1.08 2.63 3.29 3.65 5.56 5.52 ];

 maxHours = [ 6 5 7 10 5 8 6 10 9 11 9 5 5 10 6 9 11 8 11 8 10 6 8 8 5 6 9 8 5 7 6 7 6 11 9 8 11 6 7 5 6 10 10 5 6 6 9 8 6 9 10 10 8 10 11 7 7 9 6 11 9 6 8 8 5 6 10 6 8 6 6 6 8 10 10 7 5 8 6 5 6 8 7 11 9 9 5 9 9 9 11 6 5 11 11 9 11 11 6 6 10 11 11 5 9 10 9 5 11 11 7 10 6 5 10 5 10 5 10 5 9 6 6 8 11 11 7 9 5 5 9 5 7 10 6 ];
