/*********************************************
 * OPL 12.8.0.0 Data
 * Author: InstanceGenerator by unai.perez.mendizabal and ferran.torres.morales
 * Creation Date: Sat Dec 15 14:46:25 CET 2018
 *********************************************/

 nServices = 195;
 nBuses = 204;
 nDrivers = 128;

 maxBuses = 151;
 BM = 227;
 CBM = 16.26;
 CEM = 17.95;

 st = [ 100 710 654 841 131 505 947 355 313 73 214 745 407 139 896 491 605 233 306 258 800 303 747 938 595 245 805 433 775 87 364 64 405 800 502 704 511 246 744 570 819 524 791 476 574 910 762 229 431 679 129 121 309 681 240 679 706 639 203 675 59 399 765 842 122 528 893 473 616 897 852 470 231 725 948 935 407 865 51 387 800 564 13 749 341 671 739 655 418 795 170 47 350 416 619 882 692 903 574 25 515 18 847 157 254 747 750 372 183 679 116 170 343 205 648 327 416 508 117 370 472 454 545 596 533 605 620 553 59 897 368 415 775 492 458 185 35 203 853 346 238 686 196 756 435 382 325 585 891 945 870 222 346 454 727 909 93 259 113 733 298 749 514 420 194 624 548 281 259 703 828 84 309 157 554 405 734 47 108 866 895 272 86 652 252 530 649 468 716 797 728 50 212 228 141 ];
 sdt = [ 264 252 237 239 143 226 294 116 189 363 77 173 145 101 331 208 378 131 140 65 188 156 173 88 236 107 73 67 305 205 80 233 85 56 325 75 310 256 133 113 341 150 200 154 201 250 286 174 127 252 351 276 164 382 311 158 233 349 270 242 138 92 96 210 302 147 101 197 64 74 90 235 244 215 162 152 179 235 84 141 118 52 126 165 66 102 278 337 284 166 179 138 267 227 238 212 302 163 188 269 138 205 117 151 186 147 225 77 300 203 146 288 216 269 80 233 148 177 181 220 257 278 105 221 90 299 299 234 110 284 168 87 235 269 76 214 227 153 217 328 62 186 158 299 103 87 107 188 213 174 109 271 289 173 107 146 258 384 278 88 81 264 290 176 60 290 63 224 255 103 262 107 142 208 202 98 250 70 91 175 204 135 215 75 291 122 90 236 173 70 118 216 138 90 77 ];
 sdd = [ 66 43 61 43 41 42 53 25 40 61 23 34 48 17 56 42 66 34 26 21 61 36 36 19 65 23 24 17 53 41 15 49 18 16 62 22 52 57 43 37 62 34 41 28 51 57 60 55 32 46 69 62 46 66 66 44 45 66 51 46 30 26 17 44 54 37 32 33 19 16 29 52 59 41 50 31 36 51 25 47 29 15 22 38 16 24 68 63 49 29 54 30 50 49 47 57 58 50 59 61 44 48 31 39 59 48 62 15 58 37 32 57 67 51 17 55 40 59 38 59 44 61 28 38 18 56 62 64 29 62 33 16 40 68 17 37 67 42 69 59 16 40 46 60 18 20 23 43 63 48 24 58 58 42 20 26 52 65 49 15 26 47 64 39 15 49 18 68 56 24 45 27 34 41 47 24 43 19 16 42 49 31 52 24 50 28 16 48 45 15 32 56 28 20 25 ];
 dem = [ 58 89 58 99 77 92 87 64 74 81 89 78 74 97 87 73 96 85 56 97 66 94 50 91 70 77 86 92 90 98 90 81 60 50 71 64 77 65 92 94 78 57 64 71 76 76 94 72 50 81 50 84 79 99 90 74 98 57 65 74 70 65 98 62 84 56 97 99 55 82 72 73 56 83 84 65 95 67 78 57 55 79 56 69 79 86 98 73 81 51 90 83 57 96 72 82 59 95 89 69 86 92 99 53 83 78 79 70 64 71 79 59 84 60 51 54 67 52 77 51 96 92 80 78 80 76 67 68 51 96 66 78 63 64 88 53 89 93 76 65 79 81 52 93 86 67 50 53 52 86 52 81 80 51 80 79 78 84 75 68 97 67 54 76 93 86 59 94 67 82 98 79 55 52 59 88 52 77 53 73 58 97 66 64 76 75 57 91 65 85 68 83 83 67 85 ];

 cap = [ 71 95 72 83 73 77 94 74 88 69 102 70 71 88 71 74 104 88 71 97 67 81 101 79 66 108 97 95 71 88 78 103 84 91 92 84 71 78 74 100 93 102 71 65 66 109 93 106 108 97 75 93 66 79 91 92 66 68 93 88 102 72 103 67 94 87 96 82 82 82 105 102 65 104 68 105 105 95 102 89 67 74 88 82 65 75 98 93 93 102 104 93 66 65 97 87 94 70 89 76 81 83 109 76 78 81 85 102 103 78 75 81 69 66 98 72 103 100 73 80 108 71 108 85 88 97 83 75 91 99 102 97 92 82 108 102 78 82 71 65 66 80 109 81 94 88 69 104 99 97 96 75 78 105 86 82 81 103 81 72 92 98 75 102 90 99 77 75 109 77 92 97 83 86 95 98 87 95 91 99 103 103 79 89 105 65 104 79 74 73 77 96 68 109 66 97 72 88 101 79 105 91 94 72 ];
 euros_min = [3.38 3.89 3.89 3.01 3.23 2.05 1.85 3.07 3.86 2.03 2.96 3.08 1.95 2.68 4.14 3.92 3.85 2.85 1.7 3.69 2.11 2.19 2.51 2.13 1.72 3.86 2.3 3.79 4.45 1.99 4.33 3.46 4.11 4.1 1.91 3.93 1.78 3.6 3.63 4.43 3.11 3.33 1.89 1.53 4.42 2.98 4.4 2.02 3.82 1.67 2.4 3.96 3.46 3.87 2.07 2.06 3.76 3.35 2.22 3.69 2.86 3.76 2.87 2.14 2.79 2.29 2.08 1.61 3.49 3.04 3.39 3.67 1.57 2.56 1.54 3.61 2.91 4.29 4.15 1.81 3.59 3.73 4.33 3.84 2.81 1.54 1.64 2.13 3.94 2.95 3.45 2.34 4.5 3.64 1.65 3.97 2.05 4.34 2.91 4 2.29 1.92 4.31 2.73 3.88 2.79 3.99 4.36 2.48 3.75 1.54 3.05 2.56 2.59 2.74 2.3 1.55 4.25 2.15 2.67 4.28 1.67 1.76 3.45 3.5 2.29 2.16 3.13 3.06 3.13 2.91 3.46 1.7 3.55 3.18 2.42 2.43 2.88 3.97 2.89 2.14 2.89 4.05 3.03 3.08 1.6 1.77 1.5 4.12 4.41 2.26 4.23 3.67 2.4 1.55 3.53 2.12 2.98 2.88 1.75 2.18 2.26 3.87 4.23 4.38 2.84 3.82 1.84 1.87 2.38 4.49 2.23 3.79 3.79 2.73 2.92 1.7 3.12 3.17 3.77 1.81 3 3.63 2.18 2.91 3.57 4.27 2.01 2.9 4.36 3.74 4.07 2.7 4.2 1.77 4.31 4.22 2.19 3.98 3.56 3.58 4.36 3.87 2.85 ];
 euros_km = [2.99 1.36 4.81 3.39 5.47 2.93 5.31 1.93 3.23 4.96 3.64 3.87 2.05 5.46 5.25 5.75 3.93 3.49 1.96 4.26 3.61 4.48 2.54 1.3 5.8 1.68 5.11 3.78 4.37 5.3 4.42 3.32 1.27 1.86 5.06 5.18 5.04 3.43 1.89 4 5.7 5.94 1.21 2.27 4.19 5.7 4.25 5.27 5 4.9 3.96 5.39 5.39 1.81 3.92 1.34 4.43 4.01 5.86 1.05 1.32 1.66 5.03 4.49 5.15 5.01 3.16 4.37 1.88 2.52 4.36 5.69 2.21 2.12 4.93 4.49 3.29 3.81 3.53 2.23 1.21 2.07 3.67 3.43 2.92 1.51 5.73 1.11 4.34 4.31 4.99 3.33 1.03 3.27 4.23 4.85 1.66 1.19 4.68 4.93 4.77 4.43 3.79 1.37 3.83 4.09 4.11 2.46 2.98 5.09 3.95 5.05 3.64 5.49 4.84 1.07 5.93 2.46 1.03 3.58 1.1 3.65 5.06 2.72 3.93 2.93 2.81 4.14 4.42 5.46 4.12 5.38 5.99 3.09 1.37 2.2 2.89 5.46 2.69 3.13 5.93 3.9 1.33 3.12 2.36 3.01 3.57 1.25 2.13 2.85 5.91 4.48 3.75 2.28 3.27 1.01 5.13 3.8 4.06 1.64 1.42 4.33 1.57 3.3 2.43 5.38 1.34 4.39 4.82 3.05 4.98 3.65 4.31 4.08 1.99 5.32 4.33 2.2 1.26 3.24 1.68 4.27 3.29 3.58 5.64 3.22 5.09 1.82 2.37 3.35 1.75 2.86 1.11 4.34 5.22 3.64 1.48 1.59 3.83 4.11 1.26 4.41 5.26 1.06 ];

 maxHours = [ 11 8 11 10 8 11 9 6 11 10 11 5 8 9 11 6 6 8 10 11 9 11 5 5 7 5 11 11 10 8 9 9 8 5 11 10 9 5 9 10 10 11 10 6 5 9 9 10 10 6 9 6 8 6 10 8 8 8 8 5 5 5 6 8 9 11 7 7 6 11 7 5 10 6 5 9 9 6 5 5 8 9 8 9 11 11 6 6 11 5 9 9 6 8 9 9 7 7 10 10 9 11 6 7 7 7 8 7 7 8 6 5 11 11 10 7 6 9 9 5 11 9 9 5 5 6 6 11 ];
